0.005487282595295493
0.005487282595295493
0.005487282595295493
0.005487282595108157
0.005487282594955281
0.005487282594825024
0.005487282595285539
0.005487270938711257
0.005487272037056561
0.005487282595212731
0.005487282595283384
0.005487282595267627
0.00047152817550556004
0.0004715281752291281
0.000471528188244085
0.0004715281692332375
0.0004715281715704858
0.0004715190209426509
0.0004715251540532748
0.00047152817413246775
0.0004715281754791575
0.0004715281726639025
0.00047794909184191783
0.00047794909184191783
0.00047794909184191783
0.00047794909184191783
0.0003591222034415095
0.00035912220527769444
0.0003591222084827574
0.00035912220389664964
0.00035912222028740753
0.00035912220599101
0.0003591222038815938
0.0003591222015546218
0.00035912220344004445
0.0003591222370059608
3.549677574358704e-05
3.5496772220302935e-05
3.549678506369685e-05
3.5496770276614764e-05
3.549677010590559e-05
3.549677311390077e-05
3.549677556750239e-05
3.5496774068604015e-05
3.5496775741066856e-05
3.549677105111507e-05
0.00010209674581146882
6.751949114255448e-05
1.3915410031453873e-10
1.3915410031453873e-10
1.3915410031453873e-10
1.3915410031453873e-10
1.3915410031453873e-10
1.3915410031453873e-10
1.391540940938658e-10
1.3915410031453873e-10
1.3915410031453873e-10
1.3915410031453873e-10
4.3508713356865045e-05
1.2176313014825505e-10
1.2176313014825505e-10
1.2176313014825505e-10
1.2176313014825505e-10
1.2176313014825505e-10
1.2176313014825505e-10
1.2176312470501903e-10
1.2176313014825505e-10
1.2176313014825505e-10
1.2176313014825505e-10
3.304535920772065e-05
1.1846868872698316e-10
1.1846868872698316e-10
1.1846868872698316e-10
1.1846868872698316e-10
1.1846868872698316e-10
1.1846868872698316e-10
1.1846868343102014e-10
1.1846868872698316e-10
1.1846868872698316e-10
1.1846868872698316e-10
1.1238806226884447e-10
1.1238806226884447e-10
1.1238806226884447e-10
1.1238806226884447e-10
1.1238806226884447e-10
1.1238806226884447e-10
1.1238805724470666e-10
1.1238806226884447e-10
1.1238806226884447e-10
1.1238806226884447e-10
3.1604647540881624e-05
1.1120994264030194e-10
1.1120994264030194e-10
1.1120994264030194e-10
1.1120994264030194e-10
1.1120994264030194e-10
1.1120994264030194e-10
1.1120993766883018e-10
1.1120994264030194e-10
1.1120994264030194e-10
1.1120994264030194e-10
3.1381992536183636e-05
1.1120994264030194e-10
1.1120994264030194e-10
1.1120994264030194e-10
1.1120994264030194e-10
3.233877762684128e-05
3.3257365614419264e-05
1.1120994264030194e-10
1.1120994264030194e-10
1.1120994264030194e-10
1.1120994264030194e-10
3.402640272665781e-05
1.587331415798258e-10
3.6035120487896884e-05
1.1120994264030194e-10
1.1120994264030194e-10
1.1120994264030194e-10
1.1120994264030194e-10
2.6770795944849533e-05
3.993212989586691e-05
0.005487282595295493
0.005487282595295493
0.005487282595295493
0.005487282595108157
0.005487282594955281
0.005487282594825024
0.005487282595285539
0.005487270938711257
0.005487272037056561
0.005487282595212731
0.005487282595283384
0.005487282595267627
0.00047152817550556004
0.0004715281752291281
0.000471528188244085
0.0004715281692332375
0.0004715281715704858
0.0004715190209426509
0.0004715251540532748
0.00047152817413246775
0.0004715281754791575
0.0004715281726639025
0.00047794909184191783
0.00047794909184191783
0.00047794909184191783
0.00047794909184191783
0.0003591222034415095
0.00035912220527769444
0.0003591222084827574
0.00035912220389664964
0.00035912222028740753
0.00035912220599101
0.0003591222038815938
0.0003591222015546218
0.00035912220344004445
0.0003591222370059608
3.549677574358704e-05
3.5496772220302935e-05
3.549678506369685e-05
3.5496770276614764e-05
3.549677010590559e-05
3.549677311390077e-05
3.549677556750239e-05
3.5496774068604015e-05
3.5496775741066856e-05
3.549677105111507e-05
0.00010209674581146882
6.751949114255448e-05
1.3915410031453873e-10
1.3915410031453873e-10
1.3915410031453873e-10
1.3915410031453873e-10
1.3915410031453873e-10
1.3915410031453873e-10
1.391540940938658e-10
1.3915410031453873e-10
1.3915410031453873e-10
1.3915410031453873e-10
4.3508713356865045e-05
1.2176313014825505e-10
1.2176313014825505e-10
1.2176313014825505e-10
1.2176313014825505e-10
1.2176313014825505e-10
1.2176313014825505e-10
1.2176312470501903e-10
1.2176313014825505e-10
1.2176313014825505e-10
1.2176313014825505e-10
3.304535920772065e-05
1.1846868872698316e-10
1.1846868872698316e-10
1.1846868872698316e-10
1.1846868872698316e-10
1.1846868872698316e-10
1.1846868872698316e-10
1.1846868343102014e-10
1.1846868872698316e-10
1.1846868872698316e-10
1.1846868872698316e-10
1.1238806226884447e-10
1.1238806226884447e-10
1.1238806226884447e-10
1.1238806226884447e-10
1.1238806226884447e-10
1.1238806226884447e-10
1.1238805724470666e-10
1.1238806226884447e-10
1.1238806226884447e-10
1.1238806226884447e-10
3.1604647540881624e-05
1.1120994264030194e-10
1.1120994264030194e-10
1.1120994264030194e-10
1.1120994264030194e-10
1.1120994264030194e-10
1.1120994264030194e-10
1.1120993766883018e-10
1.1120994264030194e-10
1.1120994264030194e-10
1.1120994264030194e-10
3.1381992536183636e-05
1.1120994264030194e-10
1.1120994264030194e-10
1.1120994264030194e-10
1.1120994264030194e-10
3.233877762684128e-05
3.3257365614419264e-05
1.1120994264030194e-10
1.1120994264030194e-10
1.1120994264030194e-10
1.1120994264030194e-10
3.402640272665781e-05
1.587331415798258e-10
3.6035120487896884e-05
1.1120994264030194e-10
1.1120994264030194e-10
1.1120994264030194e-10
1.1120994264030194e-10
2.6770795944849533e-05
3.993212989586691e-05
