11.188267825324502
11.188267825324502
11.188267825324502
11.188269320306931
11.18826599973889
11.188269586517016
11.188267984289103
11.18826857879732
11.188265381974395
11.188263482055927
11.188272087831848
11.188269738111067
11.188266161594246
11.188267812601158
11.188267416401647
11.188273132462637
11.188262660344039
11.188265227447761
11.188273116276672
11.188263708664998
11.18825704940338
11.188272771077047
11.188269107574556
11.188267946983437
11.18826787762589
11.188267814848254
11.188267828139336
11.1883175780411
11.188179023607528
11.188266170479212
11.188267822137814
11.188267902864707
11.188267810219525
11.188267831500186
11.188267880515722
11.188267693058961
11.188267844182086
11.188345660044266
11.188033217054144
11.188475075351842
11.188267880629958
11.188267746450206
11.18826746605958
11.188266256648852
11.188268224416497
11.188266704682501
11.188267806410215
11.188266443552287
11.188270500390928
11.18826783537549
11.188269302694664
11.188266699791994
11.188266500649888
11.188268666432586
11.188267386810772
11.188267976747756
11.18826968258046
11.188268514046435
11.188268114071398
11.188268549423205
11.188268146268477
11.18827071955059
11.188269822903022
46.693936561788135
9.485710904240879
9.485710892194103
9.485710846420341
9.485710226183981
9.4857125786368
9.485709922486219
9.485710580242877
9.485711891924632
9.485709437328605
9.485711229846887
9.485710807389598
9.485710933322931
9.485710792192872
9.485710934103047
9.485710818292393
9.485711061846796
9.485710537294883
9.485711943277302
9.485708571602192
9.485711858094891
9.485710788652323
9.485710927771855
9.485710928998998
9.485710896712112
9.485710896410936
9.485710874936345
9.485710930969834
9.48571085560465
9.485711101066961
9.485710874173346
9.485710896966626
9.485710917025312
9.485710898511186
9.485710905103609
9.485710907078406
9.485710903654716
9.485710937234485
9.485710855007767
9.485711129828829
9.485710902775685
9.48571093516421
9.485710993757618
9.485710980866745
9.485710744032781
9.485710979110783
9.485711005209769
9.485710973483581
9.485710734384108
9.485710728429865
9.485710989578362
9.485711093332483
9.485710944544739
9.485710955562002
9.48571091906584
9.48571094141669
9.485710899559674
9.485710828538943
9.485711060834944
9.485710852929223
9.485710998068141
9.485710634090093
8.695365473542727
8.695365489879638
8.695365551775797
8.69536545098063
8.695365432688632
8.69536554292754
8.695365414317486
8.695365572979167
8.695365952826062
8.69536526071822
8.695365498169213
8.69536545842929
8.695365546881249
8.695365463477657
8.69536539791981
8.695365690396567
8.695365489706315
8.695365037267294
8.695365531723429
8.695365633495216
8.69536555742175
8.69536546952903
8.695365474878201
8.695365472667191
8.695365473954014
8.695365473353847
8.695365473740857
8.695365484565404
8.695365361451959
8.695365492388477
8.695365476188394
8.695365471717519
8.695365474897018
8.695365475117697
8.695365473109135
8.695365477743563
8.695365434399912
8.695365496458418
8.695365443739323
8.695365473558377
8.695365474600873
8.695365392951944
8.695365396499822
8.695365431508781
8.695365452825007
8.69536547501292
8.695365433767316
8.695365435445531
8.695365405880727
8.695365413930201
8.69536537496977
8.695365436113146
8.695365405294517
8.695365431146897
8.695365445420844
8.695365472311561
8.695365433167158
8.695365415617108
8.695365546250398
8.695365521078914
8.695365385211433
10.35053913390256
10.5757641089084
9.124348543286786
8.728674364521558
8.592213128546005
8.592213149347513
8.592213763143086
8.592213246061352
8.592212608496288
8.592213740597236
8.592212923046448
8.592215043092844
8.592210032808184
8.59221383966248
8.592213577778967
8.592213010705999
8.592213754864536
8.59221349591069
8.592212174796517
8.592214552481463
8.592213433112125
8.592211575257268
8.592212432738554
8.59221420152833
8.59221374330246
8.592213088452905
8.592213143189161
8.592213108690588
8.59221313005945
8.592213126732178
8.5922131249086
8.592213155756504
8.592212840293419
8.592213157171729
8.592213150182923
8.59221310094606
8.592213148113903
8.592213133374281
8.59221312077184
8.592213188535945
8.592212879459282
8.592213192893388
8.592213080548634
8.592213125488888
8.59221314125135
8.592212478055526
8.592212373593057
8.5922126718252
8.592212952164706
8.592213132984154
8.592212756962835
8.59221286298929
8.592212521540324
8.592213082985284
8.592212105434063
8.592212783551814
8.592212477571108
8.592212760471469
8.59221287653513
8.592213106727042
8.592212777789236
8.592212278453424
8.592213580154691
8.592213471162566
8.59221230573636
9.094483223954008
9.41113699160729
8.71585903829596
8.639999411550797
8.571373369006308
8.571373374532017
8.571373481458446
8.571373395439066
8.571373257955393
8.571373575827836
8.571373304295308
8.571373691068228
8.571372639528542
8.571373563475827
8.571373443041493
8.571373346102767
8.571373477414324
8.57137343445311
8.571373186633473
8.571373633769616
8.57137347200535
8.571372868608021
8.571373380880354
8.571373575168165
8.571373473707046
8.571373362949595
8.571373370959742
8.571373366606073
8.571373369621584
8.571373368132303
8.57137336841308
8.571373372885535
8.571373344615333
8.571373368980153
8.571373373377247
8.571373366459417
8.571373370637994
8.571373369990289
8.571373368059168
8.571373378317123
8.571373315552822
8.571373388398536
8.57137335143505
8.571373368594424
8.571373371306574
8.571373254752167
8.571373225154959
8.57137328061319
8.571373342576889
8.571373367327459
8.571373312918903
8.571373352178314
8.57137327074107
8.571373367979973
8.571373176467038
8.571373312565088
8.571373250128236
8.571373296768044
8.5713733272334
8.571373366420383
8.571373319128723
8.571373240901982
8.571373464181896
8.571373416229752
8.571373207196084
8.587993791690993
8.571373369006308
8.571031900004867
8.571713625354572
8.582071970065977
8.584816949730381
8.579920140463061
8.572317013496995
8.57462842848732
8.579890742387866
8.578565166615656
8.577404166362777
8.573356626008216
8.579589276298153
9.269640523965153
8.576127954220839
8.572515936581029
8.596681187348299
8.581575669383618
8.5761090981
8.581710439670003
8.573470569126476
8.573027302802913
8.580093348414271
8.581919121592689
8.584677505081347
8.580612655484504
8.574005926712749
8.584587488520338
8.581301095083175
8.581628282927273
8.529025369992167
8.578863589240962
8.57414801034412
8.576764385819926
8.575674778975452
8.580231918570947
8.58487695385364
8.58153254587996
8.521731267432319
8.582202966723907
8.518921930334699
8.57314861237572
8.580526180318337
8.58080679042771
8.572647523320738
8.572688760950076
8.5805614429355
8.579128655183963
8.573099323698047
8.572396646886402
8.570321905570404
8.573846354200187
8.580196444165983
8.580599230470101
8.573135260240464
8.571193776821529
9.289020104494837
8.582301055153147
8.571118994163513
8.580783509607194
8.574223026022818
8.572114794127422
8.580690142394834
8.580505401648841
8.571834541549425
8.57973006047398
8.57244861245009
8.584289318971344
8.582725288131043
8.583643598270932
8.52149136351084
9.31734930082009
9.262195701541717
8.576277343171446
8.575187601213848
8.57628748746402
8.577813159132107
8.574600887540647
8.58037011543098
8.580720697599142
8.573615142308785
8.564795749231623
8.595294934671653
8.612059869186803
8.598020136179189
9.266823472944667
9.241691147045746
8.573860546607433
9.299789390596171
8.584706888842012
8.568590707547086
9.11272351976658
8.590418719667792
9.29871746691382
9.214578551382784
8.670741105586975
8.652400508095187
8.569698807455241
8.581175565460123
8.539756374904174
8.61796684712115
8.57524808453059
10.539609934256102
8.611443500983928
8.599101258695628
8.577144566642694
9.27850063905995
8.57625011307573
9.305786862327107
8.516473265354952
8.584414797259809
9.348485906302011
10.275036335042339
8.62269958767475
8.620936601180405
8.634452140469067
9.199385924973843
8.599457805164828
9.118653213629207
8.594908407285327
8.589248495112738
