6.104156966801069
6.104156966801069
6.104156966801069
6.104156967824639
6.104156965679512
6.104156968195225
6.104156966515731
6.104156965738223
6.10415696753215
6.104156966550848
6.104156966582814
6.1041569680596375
6.104156965859709
6.104156967468773
6.104156964670356
6.104156970486409
6.104156966870319
6.104156966930666
6.10415696421562
6.104156962557428
6.104156969373934
6.104156967954925
6.104156966406013
6.104156966433521
6.104156967217712
6.104156965902925
6.104156966611205
6.104156967595592
6.104156965651312
6.104156967780698
6.104156966662343
6.104156966037323
6.104156967016591
6.104156966402126
6.104156967509969
6.104156966292136
6.104156966886498
6.104156966773395
6.104157531632067
6.104156966814019
6.10415696666869
6.10415696683106
6.104156966946137
6.104156966587648
6.104156966882277
6.104156966797098
6.104156966921069
6.10415772844399
6.104157180594221
6.104157261659156
6.1041583572249944
6.104156966828756
6.104156966782396
6.104156966988804
6.104156966866115
6.1041569664611135
6.104156966447327
6.104156966650049
6.104156967057307
6.104156967266108
6.104156967045519
6.104156966171464
6.104156966628103
35.97846593666927
26.171940818947498
5.650861516712218
5.650861517849281
5.650861516027447
5.65086151739355
5.650861515918769
5.650861515707067
5.650861517055643
5.6508615162168185
5.650861516231692
5.650861517358938
5.650861515998003
5.650861517590214
5.650861514960508
5.650861519268991
5.650861516263471
5.650861516877025
5.650861515004622
5.650861513685477
5.650861516187342
5.6508615180543
5.65086151673395
5.650861516412907
5.6508615169329195
5.65086151570664
5.650861516547755
5.650861517031513
5.650861515417671
5.650861517010003
5.65086151658899
5.650861515640172
5.650861516814255
5.650861516416069
5.650861516953742
5.650861516095039
5.650861516782258
5.65086151670717
5.650861516759169
5.650861516814961
5.6508615165746106
5.65086151669217
5.650861516817209
5.650861516316448
5.650861516619618
5.650861516806032
5.650861516961879
5.650861516612011
5.650861516674985
5.650861516697021
5.650861516791115
5.650861516849205
5.650861516785311
5.650861516830724
5.650861516443185
5.650861516845983
5.650861516387768
5.650861516495333
5.650861516765757
5.650861516726733
5.650861516751102
5.650861517094337
5.6508615165727845
9.92470176328501
5.566314391854751
5.566314392952782
5.566314391232768
5.566314392454807
5.566314391004601
5.566314390835237
5.566314392111769
5.566314391325482
5.566314391328268
5.566314392404929
5.566314391203728
5.566314392698855
5.5663143901795475
5.566314394233419
5.5663143913774915
5.5663143919120195
5.566314390306135
5.566314388817421
5.56631439115824
5.566314393134617
5.56631439190879
5.56631439157273
5.56631439204222
5.566314390828147
5.566314391691719
5.56631439209893
5.566314390578917
5.566314392009893
5.566314391723482
5.566314390704235
5.566314391935064
5.566314391591568
5.566314391996341
5.5663143912111614
5.566314391923084
5.566314391851626
5.566314391906301
5.566314391989361
5.566314391703144
5.566314391835592
5.56631439194827
5.566314391442239
5.566314391742862
5.566314391960564
5.566314392123683
5.566314391723954
5.566314391801203
5.566314391831737
5.566314391881436
5.566314392000825
5.566314391945671
5.566314391966523
5.566314391543607
5.566314392068464
5.566314391544607
5.566314391632941
5.566314391893286
5.566314391863252
5.566314391880349
5.5663143923492315
5.566314391729898
5.418647306012423
5.41864730701546
5.418647305512895
5.418647306486864
5.418647305050388
5.418647304973032
5.418647306126735
5.418647305452653
5.418647305386521
5.418647306414628
5.418647305498425
5.418647306778165
5.4186473044957655
5.418647308049777
5.4186473054892605
5.4186473058908415
5.4186473047300625
5.41864730278075
5.418647305098308
5.418647307195792
5.418647306115797
5.418647305770515
5.418647306143598
5.418647304961574
5.418647305856484
5.418647306135982
5.4186473048472825
5.418647306082759
5.4186473058730105
5.418647304717577
5.418647306057097
5.418647305818913
5.418647306044737
5.418647305320572
5.418647306077201
5.41864730601756
5.418647306067548
5.418647306226135
5.418647305830845
5.418647305998016
5.418647306082651
5.418647305582146
5.4186473058632085
5.418647306134216
5.418647306334714
5.418647305816032
5.418647305922439
5.418647305976808
5.4186473059201985
5.418647306184916
5.418647306127364
5.41864730611586
5.418647305621601
5.418647306396656
5.418647305742455
5.418647305785823
5.41864730602726
5.418647306039635
5.418647306015701
5.418647306666751
5.4186473059171885
8.90239509749298
5.3906781512800075
5.39067815225944
5.390678150801814
5.390678151733023
5.390678150291829
5.390678150232719
5.390678151370062
5.390678150715108
5.390678150634676
5.390678151659091
5.390678150795417
5.390678152026173
5.390678149786715
5.390678153253035
5.390678150746241
5.390678151132422
5.3906781500371865
5.390678147965916
5.390678150344753
5.390678152445874
5.390678151394112
5.390678151044379
5.390678151400559
5.390678150226918
5.390678151119899
5.3906781513846544
5.390678150142632
5.390678151385349
5.390678151132097
5.390678149957235
5.390678151316594
5.3906781510994675
5.3906781513427005
5.390678150578455
5.390678151345409
5.390678151284467
5.390678151334208
5.390678151513852
5.390678151088676
5.390678151261182
5.3906781513440905
5.390678150843249
5.390678151126157
5.3906781514027555
5.390678151608324
5.39067815107489
5.3906781511817705
5.390678151244198
5.390678151167586
5.390678151453774
5.3906781513932716
5.390678151382854
5.390678150874433
5.390678151689786
5.390678151018953
5.390678151049963
5.390678151283814
5.39067815131699
5.390678151276151
5.39067815195144
5.390678151186635
5.337270015448245
5.337270016385063
5.3372700150173475
5.337270015865939
5.337270014424508
5.33727001438294
5.337270015503385
5.3372700148834085
5.337270014768092
5.337270015780841
5.337270015026187
5.337270016160722
5.33727001402112
5.337270017295102
5.337270014908226
5.337270015267382
5.337270014275073
5.337270011935956
5.337270014490752
5.337270016587984
5.337270015583434
5.337270015230241
5.337270015552398
5.337270014399161
5.337270015292039
5.33727001552452
5.337270014377153
5.337270015621527
5.3372700152967525
5.33727001407888
5.337270015475684
5.337270015297117
5.3372700155698185
5.337270014733307
5.337270015514002
5.337270015455904
5.337270015503465
5.337270015729634
5.337270015240368
5.337270015432561
5.337270015509594
5.337270015008976
5.337270015282044
5.3372700155714385
5.337270015798327
5.337270015225791
5.337270015347156
5.3372700154158625
5.337270015303697
5.337270015637213
5.3372700155611605
5.3372700155462285
5.337270015013883
5.337270015917665
5.337270015208262
5.337270015218992
5.337270015448266
5.337270015511696
5.337270015443123
5.337270016145708
5.337270015366848
9.037852201805391
5.326817071227444
5.326817072158792
5.326817070809512
5.3268170716390015
5.326817070195391
5.326817070161553
5.32681707128205
5.326817070663309
5.326817070541929
5.3268170715565875
5.32681707082276
5.3268170719345465
5.32681706981302
5.326817073050805
5.326817070686755
5.326817071043274
5.326817070071534
5.326817067666224
5.326817070269295
5.326817072367173
5.326817071371171
5.326817071013994
5.326817071329619
5.326817070181067
5.326817071071518
5.326817071297946
5.3268170701721065
5.32681707141491
5.326817071073505
5.326817069847456
5.326817071257844
5.3268170710857445
5.326817071363602
5.326817070513259
5.326817071295414
5.32681707123988
5.326817071283577
5.32681707152655
5.326817071014928
5.326817071214649
5.326817071288832
5.326817070787388
5.32681707106034
5.326817071352429
5.3268170715826555
5.326817071004047
5.326817071125792
5.3268170711949425
5.326817071080291
5.326817071421851
5.326817071344573
5.326817071325552
5.326817070788124
5.326817071707327
5.326817070995616
5.326817070998092
5.326817071224921
5.326817071297374
5.326817071225413
5.326817071931875
5.3268170711477625
5.305992896645311
5.30599289755879
5.305992896241159
5.305992897041809
5.305992895596268
5.305992895568741
5.305992896680845
5.305992896081078
5.305992895942953
5.305992896955028
5.305992896262383
5.305992897338177
5.3059928952564865
5.305992898414516
5.305992896098987
5.305992896448185
5.305992895512326
5.3059928929744125
5.30599289568144
5.305992897771356
5.305992896795084
5.305992896434455
5.305992896738367
5.305992895598629
5.305992896488014
5.305992896706355
5.305992895614104
5.305992896852319
5.305992896486245
5.305992895247052
5.3059928966679015
5.305992896510943
5.305992896801766
5.305992895923189
5.305992896710759
5.305992896655697
5.305992896695744
5.305992896968443
5.30599289641966
5.305992896632764
5.3059928966992285
5.305992896202085
5.305992896469683
5.305992896768268
5.305992897003389
5.305992896408474
5.305992896537194
5.305992896613212
5.305992896482726
5.305992896839992
5.305992896757925
5.305992896738463
5.305992896190229
5.305992897144016
5.305992896417297
5.305992896412286
5.305992896634837
5.305992896722616
5.305992896643158
5.305992897351458
5.305992896563854
8.835191198820157
5.30187862580351
5.301878626717597
5.301878625404783
5.301878626198231
5.301878624751248
5.3018786247272836
5.301878625836052
5.301878625239288
5.3018786251030185
5.301878626109773
5.301878625425998
5.301878626493457
5.301878624419363
5.301878627569262
5.301878625260532
5.301878625608655
5.301878624677336
5.301878622111748
5.30187862483924
5.301878626928962
5.3018786259558155
5.301878625595004
5.301878625898093
5.301878624760249
5.301878625645152
5.301878625860654
5.301878624780883
5.301878626015616
5.301878625646186
5.301878624404642
5.301878625827259
5.301878625671357
5.301878625966159
5.301878625080169
5.301878625867463
5.301878625814895
5.301878625858878
5.301878626131611
5.301878625575937
5.30187862579175
5.301878625860786
5.3018786253604615
5.301878625626667
5.3018786259253385
5.301878626163485
5.301878625567898
5.301878625699901
5.301878625770207
5.301878625640565
5.30187862600105
5.301878625918294
5.301878625899963
5.301878625349392
5.301878626308708
5.301878625577677
5.3018786255710415
5.301878625793033
5.301878625887362
5.301878625801611
5.3018786265099
5.301878625723333
5.293710209726469
5.2937102106294445
5.293710209334701
5.293710210117477
5.293710208669354
5.2937102086427545
5.293710209757242
5.293710209164617
5.293710209021549
5.293710210026553
5.293710209360851
5.293710210410439
5.29371020835163
5.293710211468572
5.293710209179284
5.293710209530151
5.293710208610937
5.293710205984367
5.293710208762051
5.29371021084624
5.2937102098852415
5.293710209520307
5.293710209817588
5.293710208682848
5.293710209566842
5.293710209782268
5.293710208713024
5.293710209949834
5.293710209563264
5.293710208318965
5.293710209747391
5.293710209598928
5.2937102098973705
5.293710209000003
5.293710209794167
5.293710209740497
5.293710209778421
5.293710210063721
5.293710209493118
5.293710209712874
5.2937102097829545
5.293710209281435
5.293710209548363
5.293710209845807
5.293710210088125
5.293710209489207
5.293710209621967
5.293710209692621
5.293710209558383
5.2937102099217395
5.2937102098386175
5.293710209819019
5.293710209263745
5.293710210241206
5.2937102095045585
5.29371020949507
5.293710209711764
5.29371020981259
5.293710209723521
5.293710210432908
5.293710209644966
5.277484051712507
5.277484052602985
5.2774840513385906
5.277484052093401
5.277484050640844
5.277484050620717
5.277484051733457
5.277484051151645
5.277484050993668
5.277484052003328
5.277484051366742
5.2774840523876465
5.277484050361644
5.277484053416669
5.277484051163269
5.277484051514446
5.277484050616782
5.277484047868332
5.277484050750361
5.2774840528262645
5.277484051880394
5.277484051512614
5.277484051797984
5.277484050668991
5.277484051553759
5.27748405176014
5.277484050721948
5.277484051949925
5.277484051547802
5.277484050289364
5.27748405173467
5.277484051594185
5.2774840519005854
5.277484050982612
5.277484051781214
5.277484051725398
5.277484051765465
5.2774840520732225
5.277484051473463
5.27748405170137
5.277484051765403
5.2774840512653665
5.277484051528415
5.277484051833076
5.277484052081205
5.277484051470184
5.2774840516056285
5.2774840516823796
5.277484051537472
5.277484051912775
5.277484051826311
5.277484051803049
5.277484051241932
5.277484052242817
5.27748405150016
5.277484051479228
5.277484051694261
5.277484051806716
5.277484051710728
5.2774840524217685
5.27748405163335
8.994079690578985
5.274262106564125
5.274262107453419
5.274262106193058
5.274262106944226
5.274262105493223
5.274262105470752
5.2742621065852875
5.274262106005641
5.274262105846351
5.274262106849433
5.274262106223456
5.274262107235549
5.274262105216602
5.274262108259809
5.274262106016908
5.274262106364322
5.274262105474559
5.274262102698792
5.274262105601425
5.274262107678316
5.274262106733415
5.2742621063633
5.2742621066491004
5.274262105522164
5.2742621064050255
5.274262106613797
5.274262105581226
5.274262106809448
5.274262106400842
5.274262105141812
5.2742621065843345
5.274262106450298
5.274262106755332
5.2742621058366685
5.274262106634446
5.27426210657768
5.274262106615
5.274262106929882
5.27426210632126
5.274262106552742
5.274262106618132
5.27426210611526
5.274262106383234
5.274262106686334
5.274262106934918
5.274262106322299
5.274262106456996
5.274262106532618
5.274262106388333
5.27426210676694
5.274262106676195
5.274262106655643
5.274262106090658
5.274262107094948
5.274262106350218
5.274262106332649
5.274262106546299
5.274262106659032
5.274262106565908
5.274262107276161
5.274262106485685
8.859706790913009
5.273613829572252
5.273613829572252
5.273264296886325
5.273965140093702
5.273718810773856
5.273510758289694
5.273353556614959
5.273876392768571
5.27399505502385
5.273235245369603
5.274022145817732
5.273204989153538
5.2732443297634894
5.273985712319387
5.273920695717486
5.273307679403581
5.273995922247345
5.273233992912363
5.273267515833764
5.273962574643523
5.273721780438352
5.27350796088864
5.273378572947938
5.2738514814814605
5.273899807591627
5.273329696705469
5.273156932928664
5.274073640958401
5.2737033432141125
5.273526404561516
5.273643396479544
5.2735861774414
5.273752314106012
5.273476672614525
5.274059153382188
8.813124089849305
8.858212100652187
5.27344848112404
5.273402055468518
5.273827406506036
5.273579985986683
5.2736490958877305
5.273728398334429
5.273500206678251
5.2734586187204435
5.2737701142705635
5.274066581657246
5.273161369786845
5.273704770191449
5.273523443628041
5.27336281953154
5.273866403967325
5.273968012805823
5.273261510650696
5.273099534137227
5.274129454062719
5.273711852687078
5.273516431392487
5.2741379077229364
5.273089893769999
5.273542472763463
5.273686444962568
5.273702407158966
5.273527203038054
5.273049359415474
5.274179858028969
5.274026753079774
5.273200933039837
5.273542154796364
5.27368618507351
5.273589558431729
5.273638789919072
5.273513630902258
8.857972366280963
8.87270032581729
5.273961056921281
5.273759907274935
8.858614347207583
5.273627778643858
5.273600192397627
5.273540260307621
5.273688227326465
5.273848831139869
5.2733825043696285
5.273770807912313
5.273460275259371
5.27337398279742
5.273858639396474
5.273344658511558
8.85687109173552
5.273900120618843
5.273333977343129
5.2738253389586776
5.273408039835068
5.27368774897731
5.273545623357368
5.273789442515209
5.273445232713261
5.273401611853396
5.2738323370380975
5.273444235121081
5.273788508806361
5.273486918580261
5.2737451561223345
5.274073077568496
5.27316407594428
5.273308515366061
5.273926398537891
5.2737138271432915
5.273519349150042
5.273835273283604
5.273399742698922
5.273663009518848
5.273566795524516
8.823755825280635
5.273721705954151
8.856362047967247
5.273611088248084
5.273296150855628
5.273939220278997
5.273676593333308
5.273559438957806
