2.6125451949264145
2.6125451949264145
2.6125451949264145
2.6125451952287406
2.6125451948947758
2.6125451948528156
2.612545195143127
2.6125451953665575
2.6125451948931966
2.612545195436667
2.6125451961838317
2.6125451946394582
2.6125451955328955
2.612545195188893
2.612545194804877
2.612545195332002
2.612545195497157
2.612545195634338
2.612545195090941
2.6125451948151177
2.6125451950431757
2.612545194973307
2.6125451955445005
2.612545195052619
2.6125451951719256
2.6125451953885883
2.612545195503745
2.612545195606121
2.6125451953850285
2.612545194993027
2.612545195465332
2.61254519530207
2.612545195350637
2.6125451956020695
2.6125451956844747
2.612545195425727
2.6125451954011685
2.612545195014855
2.6125451955114065
2.612545195309986
2.6125451952452443
2.6125451953862653
2.612545195411199
2.6125451944086135
2.6125451949807577
2.612545195273837
2.6125451953699788
2.612545195488321
2.6125451955424106
2.612545195361614
2.612545195708553
2.6125451952641625
2.61254519581157
2.612545195245553
2.6125451943650093
2.612545195300951
2.612545195310753
2.6125451953150804
2.612545195364852
2.612545195294404
2.612545195381935
2.6125451953828867
2.612545194874257
2.612545195008874
2.6125451959395094
2.612545195627464
2.6125451954231327
2.6125451952495653
2.612545195120496
2.6125451949050014
2.612545195201818
2.6125451950799556
2.612545195082922
2.612545195269819
2.6125451951695045
2.612545195388676
2.6125451952302625
2.6125451958329493
2.612545196156394
2.6125451954914887
2.6125451952621326
2.612545194777846
2.6125451953649423
2.6125451953310845
2.612545195257061
2.6125451949281064
2.612545195308409
2.612545195404131
2.6125451961652497
2.6125451949688214
2.6125451950995293
2.6125451948160987
2.612545195024297
2.6125451952704832
2.6125451955957146
2.6125451950784164
2.612545195181154
2.612545195159583
2.612545195358106
2.6125451952395884
2.612545195491452
2.61254519571059
2.6125451957000836
2.612545195482138
2.6125451954775762
2.6125451951938743
2.6125451952505663
2.6125451950534164
2.6125451949435856
2.612545195239277
2.612545195473743
2.6125451953746373
2.612545195275184
2.612545195214501
2.612545195194346
2.6125451953899828
2.6125451956288277
2.6125451953609815
2.612545195216073
2.6125451951748495
2.6125451951342926
2.612545195447619
2.6125451951329346
2.6125451953798646
2.612545195584606
2.6125451954860526
2.6125451955347136
2.6125451953580576
2.6125451951908616
2.6125451950152976
2.612545195564903
2.6125451952464367
2.6125451952485346
2.6125451954833303
2.6125451955848265
2.612545196130738
2.6125451950910623
2.6125451953201293
2.612545195138706
2.6125451951548784
2.6125451956373302
2.6125451953295045
2.6125451950843406
2.6125451950469443
2.612545195122821
2.6125451956168737
2.61254519520952
2.6125451953344383
2.612545195473194
2.6125451959699832
2.612545195516307
2.6125451948296283
2.6125451950562546
2.612545195272454
2.6125451958422024
2.6125451949727436
2.612545195356287
2.6125451951516707
2.6125451959071087
2.612545194865949
2.6125451951137775
2.6125451951771357
2.612545195383606
2.612545195137335
2.612545195442605
2.612545195341859
2.6125451957864803
2.6125451956372263
2.6125451958370673
2.6125451953916903
2.612545195418078
2.6125451951255805
2.6125451953270042
2.612545195412782
2.612545195014235
2.6125451955656223
2.6125451955109957
2.6125451953704886
2.612545195238525
2.6125451955993446
2.6125451949621636
2.6125451947688263
2.6125451958083232
2.6125451949429994
2.612545195355096
2.6125451957700347
2.612545194920386
2.6125451950369074
2.612545195329805
2.6125451954376206
2.6125451953075367
2.612545195538759
2.6125451955124506
2.6125451954473036
2.6125451953908274
2.612545195235782
2.6125451952612915
2.6125451953579226
2.6125451954272805
2.6125451951047753
2.6125451954328702
2.6125451951983893
2.6125451952130074
2.6125451954173977
2.6125451950942598
2.6125451954382686
2.6125451956105534
2.6125451952887424
2.61254519546759
2.6125451947352434
2.61254519553849
2.6125451955767605
2.612545195296345
2.6125451951549126
2.612545195847925
2.6125451955124004
2.6125451953307377
2.612545195126838
2.6125451949380643
2.6125451951963
2.6125451951931042
2.6125451948945897
2.6125451954202634
2.612545195065201
2.6125451953061143
2.612545195974576
2.6125451949281935
2.6125451948609895
2.6125451954328205
2.6125451950959446
2.6125451950617258
2.612545194965563
2.6125451952789853
2.612545195573372
2.612545195609226
2.6125451947762226
2.61254519536268
2.6125451953384404
2.6125451950987095
2.612545195317621
2.61254519517174
2.6125451952187926
2.6125451950471876
2.612545195418533
2.6125451949077068
2.612545195507619
2.6125451952898406
2.6125451950430163
2.6125451955435093
2.6125451947778093
2.612545195187509
2.6125451951152447
2.6125451955991177
2.6125451954814722
2.6125451951443495
2.6125451953766174
2.6125451954241656
2.6125451951326912
2.6125451954568972
2.6125451947746594
2.6125451953935324
2.6125451956900587
2.612545195258086
2.6125451949668337
2.612545195227187
2.6125451952127574
2.6125451956087744
2.6125451954680052
2.6125451957064283
2.61254519514921
2.6125451951362257
2.612545195355044
2.6125451950481664
2.612545194728362
2.6125451950470686
2.6125451950104184
2.612545195402407
2.6125451954255436
2.6125451954322507
2.612545195366692
2.6125451950339853
2.612545195138045
2.612545195208332
2.6125451952245498
2.6125451956475687
2.6125451952626486
2.6125451952377503
2.6125451950923715
2.6125451956897128
2.6125451952855547
2.6125451951510223
2.612545195484996
2.6125451950973733
2.612545195269256
2.612545195218925
2.6125451952425927
2.612545195395859
2.6125451949172067
2.6125451953377548
2.612545195705912
2.6125451951801053
2.6125451951388667
2.6125451953240963
2.6125451952858048
2.6125451954065504
2.6125451953756027
2.612545194609579
2.6125451952344054
2.612545195593384
2.6125451953438907
2.6125451955094783
2.612545195177693
2.6125451952348673
2.612545195284362
2.612545195315549
2.6125451954698273
2.6125451952846923
2.6125451950524523
2.6125451952486545
2.612545195396815
2.6125451950452434
2.612545195078267
2.612545195285577
2.6125451955130408
2.612545195213726
2.612545195009906
2.612545195059331
2.6125451958226624
2.612545195154488
2.6125451953757004
2.6125451950805965
2.6125451954722605
2.6125451950466356
2.6125451954749135
2.612545195439552
2.612545195601737
2.6125451953608376
2.612545195146426
2.6125451952299636
2.612545195233392
2.6125451949683276
2.612545195070857
2.6125451950390297
2.6125451953798517
2.6125451952809398
2.612545195441803
2.612545193918907
2.6125451951537135
2.612545195408036
2.6125451951064633
2.612545195558198
2.612545195394435
2.612545195378048
2.612545195337294
2.6125451949951417
2.6125451954304606
2.6125451931288235
2.612545195442205
2.61254519538325
2.612545195694575
2.6125451954297487
2.612545195445659
2.612545195232023
2.6125451954484893
2.6125451953263994
2.6125451952566463
2.6125451950053753
2.6125451952868555
2.612545195064442
2.6125451949097953
2.6125451954674315
2.6125451950757577
2.61254519514213
2.6125451953984866
2.6125451950420087
2.6125451945563936
2.6125451948266725
2.61254519462703
2.612545194729203
2.6125451947474385
2.6125451961535906
2.6125451943365676
2.612545194463903
2.6125451938712567
2.61254519479459
2.612545195135105
2.6125451937165867
2.612545194314671
2.612545194556754
2.612545195435089
2.6125451954227206
2.612545195071853
2.6125451954004535
2.612545195419339
2.6125451952943144
2.6125451947026184
2.612545195417654
2.612545195669722
2.612545195336564
2.6125451951885728
2.612545194766043
2.6125451951157403
2.612545195453105
2.612545195085474
2.612545194845616
2.6125451933778003
2.6125451932631587
2.6125451938572426
2.6125451944708082
2.6125451950309158
2.6125451953428986
2.612545194881911
2.6125451950484946
2.612545195323082
2.612545195320375
2.612545195351923
2.6125451953692678
2.612545195199711
2.61254519510419
2.6125451954027694
2.6125451953206555
2.6125451953876837
2.6125451949662173
2.6125451953310184
2.6125451949667573
2.612545194736885
2.6125451942926623
2.6125451937518447
2.612545193929537
2.6125451944104277
2.6125451941571947
2.6125451940562394
2.6125451939957784
2.612545193537005
2.6125451943539217
2.612545194290326
2.6125451936288204
2.612545193508196
2.6125451937740616
2.612545194229607
2.612545194445466
2.612545194282273
2.612545194685808
2.6125451952825114
2.6125451951001386
2.6125451953556214
2.6125451953335324
2.612545194728515
2.6125451944088325
2.612545194282335
2.6125451945081446
2.612545194419194
2.612545194246523
2.6125451936978976
2.6125451941456914
2.612545193732712
2.6125451938471604
2.6125451941228315
2.6125451939293374
2.6125451941783595
2.6125451934951682
2.612545193575725
2.6125451935014428
2.6125451936847606
2.6125451941733577
2.6125451930276156
2.612545193403704
2.6125451937549364
2.6125451943551035
2.6125451948619647
2.612545193830365
2.6125451929611754
2.6125451932013917
2.612545193852867
2.6125451941519398
2.6125451941685673
2.6125451944432614
2.6125451938482263
2.6125451935456265
2.6125451949595875
2.6125451950426113
2.6125451940894298
2.6125451937785376
2.6125451945446976
2.612545194881749
2.6125451939815516
2.6125451931677515
2.612545193582659
2.6125451938230366
2.612545194113308
2.6125451944863345
2.6125451940223803
2.612545194041826
2.6125451945755067
2.612545193629836
2.6125451935778683
2.6125451941598077
2.6125451947802323
2.6125451941811475
2.6125451933292663
2.6125451941666693
2.612545195237375
2.6125451947892415
2.612545194399467
2.612545194538911
2.6125451943906532
2.612545194363247
2.61254519503777
2.612545194971407
2.6125451949768506
2.612545194851636
2.612545194851631
2.612545194659196
2.612545194470676
2.6125451945235767
2.6125451939550803
2422.7336440008417
3.052129153419795
2.6109374025437644
2.6109374024455967
2.6109374024227883
2.6109374025225502
2.610937402539794
2.6109374025220684
2.6109374025396117
2.6109374025461847
2.6109374027314662
2.6109374025401273
2.610937402544559
2.610937402539676
2.6109374024465835
2.610937402544257
2.610937402454633
2.6109374025218046
2.6109374024599443
2.6109374025187564
2.6109374025405803
2.610937402834436
2.610937402488677
2.6109374027413734
2.61093740254485
2.6109374025209986
2.6109374024954666
2.6109374025209973
2.6109374025437644
2.610937402504396
2.6109374024514764
2.610937402541854
2.6109374025437786
2.610937402283172
2.6109374025450354
2.6109374025231493
2.6109374025030796
2.6109374025421066
2.6109374024901353
2.610937402518563
2.6109374025436676
2.6109374024450775
2.6109374025387777
2.6109374025015444
2.6109374025392222
2.6109374024976857
2.6109374024483496
2.610937402747135
2.610937402544294
2.6109374018955576
2.6109374025006797
2.6109374025437644
2.610937402434364
2.6109374025426937
2.610937402542506
2.610937402520385
2.6109374025404053
2.6109374024948617
2.61093740254009
2.6109374025430654
2.610937402537565
2.6109374025406162
2.610937402484881
2.610937402538726
2.6109374025430654
2.610937402540536
2.610937402494116
2.6109374025437644
2.6109374025441086
2.610937403121545
2.61093740237966
2.6109374025287186
2.610937402542292
2.6109374024870835
2.6109374025367704
2.6109374019235787
2.610937402481462
2.610937402824285
2.6109374025425787
2.6109374025169805
2.610937401877404
2.61093740254012
2.6109374020234277
2.61093740254275
2.6109374025177186
2.6109374025408876
2.610937401838322
2.610937402505445
2.6109374024567007
2.610937402541229
2.6109374023865866
2.610937402540582
2.6109374017882887
2.610937401768829
2.6109374025893493
2.6109374025426586
2.610937402543864
2.610937402830759
2.6109374025272665
2.610937402544294
2.6109374025375924
2.6109374025449656
2.610937402079522
2.610937401830263
2.6109374017970746
2.6109374025428096
2.610937402523129
2.6109374025344425
2.6109374025403893
2.6109374024036796
2.6109374023630543
2.6109374018334943
2.610937402489607
2.610937402524219
2.610937401755263
2.61093740247048
2.6109374025437666
2.6109374025443617
2.6109374023861416
2.6109374024468623
2.6109374021309684
2.6109374025265772
2.610937402524679
2.6109374025350167
2.61093740248883
2.6109374025430365
2.610937402545157
2.610937402542485
2.610937402528543
2.610937402542315
2.610937402539605
2.6109374025405803
2.6109374024731715
2.6109374025431977
2.610937402527075
2.6109374025204284
2.610937402542957
2.6109374025421097
2.610937402523219
2.61093740248303
2.610937401957292
2.6109374019632274
2.6109374023926994
2.6109374025056726
2.61093740254594
2.6109374025416896
2.6109374018011398
2.6109374024002903
2.61093740182974
2.610937402520395
2.6109374018657476
2.610937402394001
2.610937402527939
2.6109374024480494
2.6109374019829508
2.610937402497905
2.6109374025440646
2.610937402456228
2.6109374025130228
2.610937401751698
2.610937402501787
2.6109374025228247
2.6109374031215005
2.610937402546769
2.6109374025383745
2.6109374025436445
2.6109374023974796
2.610937402490099
2.6109374023552174
2.6109374019029836
2.6109374023551757
2.6109374025046463
2.6109374023150567
2.610937402443178
2.610937402534323
2.610937402142974
2.610937402338883
2.6109374025427377
2.6109374025398013
2.6109374025205487
2.6109374025406162
2.6109374025011194
2.6109374025617234
2.610937402542321
2.610937402538704
2.6109374025426053
2.6109374025436747
2.610937402521335
2.6109374025431444
2.610937402503171
2.6109374025257015
2.6109374025455665
2.6109374025397662
2.6109374025390566
2.6109374028878514
2.6109374025021643
2.6109374025437644
2.6109374025437666
2.610937402540616
2.610937402542852
2.6109374024997223
2.6109374025437857
2.6109374025424748
2.6109374025351695
2.6109374024267256
2.610937402523072
2.6109374025002197
2.6109374025269863
2.610937402500458
2.6109374024991863
2.6109374025437644
2.6109374025407677
2.610937402439231
2.610937402541002
2.6109374028522967
2.610937402544668
2.610937402542625
2.6109374025437644
2.6109374026547183
2.610937402497528
2.610937402075324
2.61093740207985
2.6109374025418015
2.610937402505515
2.6109374024408982
2.610937402540681
2.610937402500969
2.6109374025359204
2.610937402540582
2.6109374025394727
2.610937402525416
2.6109374025186094
2.6109374025414773
2.610937402519756
2.610937402535516
2.6109374025432643
2.6109374025298173
2.6109374025437644
2.6109374024959537
2.6109374025406162
2.6109374025219294
2.610937402503387
2.6109374025387018
2.6109374024979104
2.610937402448555
2.6109374025436507
2.6109374025438012
2.610937402477004
2.610937402449998
2.610937402715229
2.610937402239768
2.610937402541385
2.6109374024925294
2.6109374025188385
2.610937402496726
2.6109374025437644
2.6109374025431995
2.6109374025006735
2.6109374025405425
2.6109374025387035
2.610937402517878
2.6109374025325147
2.610937402525963
2.6109374025029246
2.6109374023866416
2.6109374025227767
2.610937402108376
2.6109374025251118
2.6109374025381844
2.6109374024264493
2.6109374025436782
2.61093740253045
2.6109374025437666
2.6109374025398013
2.6109374025439656
2.610937402475411
2.6109374029478882
2.6109374025258845
2.610937402522998
2.6109374025396637
2.6109374025393026
2.610937402142116
2.6109374025489203
2.610937402540192
2.610937402542861
2.610937402536501
2.6109374025406162
2.610937402522233
2.61093740250229
2.6109374024471945
2.6109374025391103
2.6109374024212886
2.610937402399056
2.610937402497825
2.610937402499605
2.6109374024993963
2.6109374023905656
2.6109374024929974
2.61093740243999
2.610937402419717
2.6109374025354493
2.6109374025323855
2.610937402539414
2.61093740244694
2.6109374024185854
2.6109374025400958
2.6109374025190566
2.6109374025521106
2.6109374018365386
2.6109374025435934
2.6109374024927146
2.6109374025430654
2.6109374025398164
2.6109374025406162
2.610937402440282
2.610937402500639
2.6109374025146472
2.6109374025438736
2.6109374025231418
2.610937402534024
2.6109374024747853
2.6109374024483074
2.6109374025192995
2.610937402445556
2.610937402541242
2.6109374025222536
2.610937402516715
2.6109374022737155
2.610937402542001
2.610937402679478
2.6109374024967322
2.61093740242638
2.6109374025408987
2.6109374025448377
2.6109374031255435
2.6109374025455887
2.610937402550418
2.6109374025220284
2.610937402521513
2.6109374024268224
2.610937402540591
2.6109374025266674
2.610937402541969
2.61093740180198
2.6109374025105563
2.610937402528127
2.6109374027444803
2.6109374024348337
2.610937402854659
2.610937402340239
2.610937402815419
2.610937402127518
2.6109374030171475
2.610937402735031
2.610937402450779
2.6109374029439225
2.6109374018968756
2.6109374026633416
2.6109374026044168
2.6109374019974956
2.610937402388638
2.6109374025418353
2.6109374024955683
2.6109374025380925
2.610937402463971
2.610937402490891
2.6109374028417123
2.6109374025537235
2.61093740247457
2.610937402728449
2.610937402353334
2.610937402522616
2.610937402263516
2.610937402902744
2.610937402525873
2.6109374030332084
2.61093740266696
2.610937402542244
2.6109374025387484
2.6109374025212397
2.6109374024601237
2.610937402401628
2.610937402567943
2.610937402495787
2.6109374024431924
2.6109374023263294
2.6109374025201664
2.6109374027306567
2.6109374024745784
2.6109374024889025
2.610937402247554
2.6109374025129455
2.6109374028169725
2.6109374023831426
2.6109374024459053
2.610937402421138
2.6109374025077163
2.6109374022362912
2.610937401763306
2.6109374027395216
2.6109374024821355
2.610937402538297
2.6109374021452005
2.610937402430224
2.610937401845849
2.61093740248419
2.610937402538065
2.610937402532254
2.6109374023805176
2.6109374024669285
2.610937402528958
2.610937401663101
2.610937402542178
2.610937401862784
2.610937402649468
2.6109374023473046
2.6109374023218623
2.6109374019595553
2.6109374024954124
2.6109374029421817
2.610937402765126
2.610937401914346
2.6109374025324437
2.61093740249098
2.610937402722302
2.6109374024664467
2.6109374022977923
2.6109374024751375
2.6109374024905723
2.6109374025424903
2.610937402166742
2.6109374024928513
2.6109374024676923
2.6109374025067718
2.6109374021365803
2.6109374028860843
2.6109374025332457
2.6109374025401686
2.6109374024946925
2.6109374024459573
2.6109374024901486
2.6109374024578327
2.610937401749572
2.6109374025077314
2.610937402499818
2.610937402073789
2.6109374023907446
2.6109374024944776
2.6109374025311696
2.6109374024168046
2.610937402449567
2.610937402510258
2.610937402729375
2.6109374025565044
2.6109374024958205
2.610937402315327
2.610937402494791
2.6109374022342466
2.610937402399061
2.610937402530057
2.610937402583146
2.6109374025290037
2.610937402661546
2.6109374024177625
2.610937402540456
2.6109374016650966
2.610937402495825
2.610937402143155
2.6109374025337484
2.6109374024861856
2.6109374025011705
2.610937402978016
2.6109374024468366
2.6109374025383145
2.610937402478882
2.610937402541681
2.6109374025097303
2.6109374023464738
2.610937402535638
2.6109374021421052
2.61093740219874
2.6109374025439633
2.610937402135357
2.610937402269333
2.610937402288346
2.6109374021460674
2.6109374024332217
2.6109374025382994
2.6109374022624414
2.6109374025396623
2.6109374025376186
2.6109374023447645
2.6109374022849607
2.6109374024951615
2.6109374017867397
2.6109374027469565
2.6109374029225334
2.610937402444026
2.6109374024347805
2.61093740247344
2.610937402462797
2.6109374029016106
2.6109374017799065
2.6109374024964453
2.610937402523281
2.6109374021843434
2.61093740254268
2.6109374025397254
2.6109374025117598
2.610937402199931
2.610937402538385
2.610937402529266
2.6109374024365257
2.610937402947477
2.6109374022274334
2.6109374025196748
2.6110299537538344
2.610915261469406
2.6109038322648783
2.610910792277371
2.6109198998828784
2.6109278744836293
2.610932493376297
2.610934686197782
2.610936148403574
2.6109367560264984
2.610937071231294
2.61093725333516
2.6109373457857172
2.610937394698524
2.610937399208877
2.6109374025437644
2.610937479292472
2.6109373248015775
2.610937485945877
2.6109373187150995
2.6109375395734022
2.610937265263372
2.61093746092128
2.6109373437207157
2.610937467121689
2.6109373374482496
2.6109374458574957
2.6109373582959314
2.6109373965816127
2.6109374085455967
2.6109369898328767
2.6109378151981106
2.610937431431595
2.610937373718799
2.610937371866396
2.610937433491577
2.610937531782199
2.61093727347955
2.610937623240127
2.610937181754356
2.610937374306049
2.610937430567974
2.6109372970742175
2.610937507170947
2.6109374138041015
2.6109373906410998
2.6109374877063183
2.610937317235182
2.610937463813493
2.610937341356544
2.6109373665224784
2.6109374384771185
2.610937384381805
2.6109374204291718
2.610937375951853
2.610937428494371
2.610937412540153
2.610937392636782
2.610937418563634
2.610937386138989
2.610937410477191
2.6109373943463754
2.610937387044874
2.61093741712378
2.610937393034583
2.6109374115096795
2.6109373885698197
2.6109374162776553
2.610937506855014
2.610937297982714
2.610937394023008
2.6109374107165486
2.610937384211542
2.6109374203204276
2.6109374298017993
2.6109373750053453
2.610937323607141
2.6109374817393665
2.610937286055503
2.610937519000498
2.610937362849543
2.6109374420933733
2.6109374021377407
2.6109374031853827
2.610937413718744
2.610937391546324
2.6109373540090095
2.6109374528956866
2.6109374628994737
2.610937342499587
2.6109374613919254
2.6109373430308893
2.610937419361402
2.6109373862425858
2.610937416247988
2.6109373892845413
2.610937667363273
2.610937137100217
2.6109375011534275
2.610937303067213
2.6109374241237693
2.610937380833932
2.6109373961916886
2.6109374090234825
2.6109373504946394
2.610937454734092
2.610937349108757
2.610937455759098
2.6109373338717954
2.610937471488412
2.6109373491592898
2.6109374558726683
2.6109373745394917
2.6109374299564276
2.6109373036958905
2.6109375015520273
2.6109373819224833
2.61093742323812
2.6109378388186872
2.610936965508586
2.610937358592029
2.6109374458568757
2.610937422764466
2.6109373820655435
2.6109374784335437
2.6109373262158635
2.6109372786112606
2.610937526250054
2.610937323784484
2.610937481333423
2.6109373188245573
2.610937485965587
2.6109374066249256
2.6109373983297917
2.610937632543238
2.6109371723749017
2.6109374505860266
2.610937354294686
2.610937176914332
2.610937627900826
2.6109373130004556
2.6109374917271557
2.6109373469522925
2.6109374573182214
2.6109374507180467
2.6109373545251535
2.6109374541350228
2.6109373513633947
2.6109374775023344
2.610937327133407
2.610937400497699
2.610937403545394
2.610937441408587
2.6109373629488006
2.6109376023406856
2.610937202354531
2.610937449279268
2.610937355930032
2.610937425191883
2.6109373797507924
2.6109374432489045
2.610937362128609
2.6109374658004847
2.610937338801365
2.6109372562815216
2.610937549054993
2.6109370418519644
2.610937762302483
2.610937326145295
2.6109374785401784
2.610937455823559
2.6109373492590873
2.6109375436428968
2.610937260462753
2.610937460462817
2.6109373450686437
2.610937379165893
2.6109374252645465
2.610937348797922
2.610937455749012
2.6109374761083926
2.6109373288643916
2.610937439320859
2.610937366034183
2.610937354653508
2.6109374506000878
2.610937150796064
2.6109376537950855
2.610937373453057
2.610937430860396
2.6109375065466605
2.6109372987818684
2.6109374470306865
2.6109373579591137
2.610937436283866
2.610937368583518
2.6109374002978103
2.6109374053926273
2.6109373221391485
2.610937483171753
2.6109374643911862
2.610937340269336
2.6109375022022063
2.6109373031971312
2.610937457493298
2.610937347263309
2.610937427447229
2.6109373770739466
2.6109374222959225
2.61093738263083
2.610937379922747
2.6109374248870068
2.6109372719966477
2.610937532950575
2.6109373405005316
2.61093746455717
2.610937307831223
2.61093749676361
2.6109373425237963
2.610937461578869
2.6109373998679795
2.6109374052723884
2.6109374343528375
2.6109373703595233
2.610937429408465
2.61093737573086
2.6109374155456173
2.6109373889337726
2.610937386684476
2.610937418201877
2.6109374625292285
2.6109373416108035
2.610937378097405
2.6109374267761196
2.610937462247546
2.610937342189407
2.610937432249136
2.61093737305773
2.610937485840656
2.6109373184669376
2.6109372696904165
2.610937535323586
2.6109372843410625
2.610937519967131
2.610937364505569
2.61093743976304
2.610937456705018
2.6109373483229805
2.610937443098781
2.6109373618021836
2.610937476553116
2.6109373275419583
2.610937439807297
2.6109373646683154
2.6109373929367736
2.610937411877261
2.610937379297211
2.6109374252559236
2.610937423712059
2.6109373808986214
2.6109373008059302
2.610937503748672
2.6109374024682674
2.610937402630211
2.6109374083438195
2.610937396668116
2.610937476404358
2.610937328479223
2.610937454407738
2.6109373500238178
2.6109373873003507
2.6109374177431963
2.6109374798836034
2.6109373247384293
2.610937465460692
2.6109373390259694
2.6109374422325886
2.6109373617775145
2.610937372346111
2.610937433152873
2.6109369626410137
2.6109378413459923
2.610937368905386
2.6109374353883386
2.6109374223059394
2.6109373829421654
2.610937467179364
2.6109373375633145
2.6109374768873734
2.61093732797457
2.61093737419826
2.610937430145108
2.610937378565552
2.6109374267234684
2.6109373968134046
2.610937408248031
2.6109374502118143
2.6109373546488897
2.6109375189848762
2.610937285985333
2.6109374221940436
2.6109373831603504
2.610937360060905
2.6109374450997973
2.610937464961044
2.6109373397956936
2.6109373967868295
2.6109374083973487
2.610937202924081
2.6109376021590722
2.61093736435464
2.6109374410554085
2.610937530906909
2.6109372737245606
2.6109374699641053
2.610937334975727
2.610937428163063
2.610937377100509
2.6109371723262127
2.6109376325077753
2.6109375742872944
2.6109372303963183
2.610937303494322
2.610937501302904
2.610937537313485
2.6109372679234997
2.610937184282616
2.6109376201515957
2.6109375676292497
2.6109372374802695
2.6109373942239316
2.6109374112198958
2.610937451218134
2.610937354294346
2.6109373693745876
2.610937435720636
2.6109374691791816
2.610937336145798
2.610937437874803
2.6109373665847224
2.6109374221897026
2.610937382425671
2.610937374882125
2.6109374295101038
2.610937305411721
2.610937498512976
2.6109373127325357
2.610937492006158
2.6109373228269623
2.6109374821034153
2.6109373272587004
2.6109374778067176
2.610937390194594
2.6109374146713886
2.6109374290929943
2.610937375010501
2.6109374425036864
2.6109373622929066
2.610937368485985
2.610937436330519
2.610937377080961
2.610937428090133
2.610937321362414
2.6109374833013823
2.610937411565814
2.610937393775717
2.6109374070542604
2.610937397629556
2.6109374161487424
2.610937388145464
2.6109374037413002
2.6109374012358986
2.6109375885813186
2.610937216041666
2.610937204746537
2.6109376004268614
2.610937612162791
2.61093719273143
2.6109372675886693
2.610937537431576
2.610937235176164
2.610937569239941
2.6109374715906513
2.610937333220212
2.6109375511136252
2.6109372534002167
2.61093746338341
2.6109373411807857
2.610937402049948
2.610937402643582
2.6109374070180893
2.610937397242063
2.61093745253065
2.6109373525233295
2.61093740315556
2.6109374019157143
2.610937421693347
2.6109373825719873
2.6109374218416774
2.610937383075414
2.610937383288927
2.6109374214635226
2.610937440759103
2.610937362924762
2.6109374253410484
2.610937379239859
2.6109374091580877
2.6109373954922566
2.6109374450761154
2.6109373595201504
2.6109373639813755
2.610937440863659
2.6109374670570773
2.6109373379723246
2.610937405841447
2.61093739841481
2.6109373114131365
2.61093749292858
2.610937402964995
2.610937401863305
2.610937483849959
2.6109373213961398
2.610937443439931
2.610937361187581
2.610937436771822
2.610937368342063
2.610937381521415
2.610937423974267
2.610937424326256
2.6109373815921337
2.6109373952871877
2.610937409529133
2.610937372630275
2.610937432311736
2.6109374085136268
2.6109373963291063
2.610937469700505
2.610937333946307
2.610937229099877
2.6109375759035753
2.610937377394115
2.6109374272001666
2.6109374260076703
2.6109373784629315
2.6109374475614633
2.610937357344107
2.6109374676663064
2.610937337815254
2.610937438396954
2.6109373668510827
2.6109374354769637
2.610937369465497
2.610937455041126
2.610937350291502
2.6109374606585214
2.6109373448287707
2.610937485146969
2.610937320443758
2.610937451286133
2.6109373537952214
2.6109370477656606
2.610937757690043
2.6109375992135027
2.610937205418435
2.610937459065944
2.6109373454898153
2.610937368354627
2.6109374369803318
2.6109374859778884
2.6109373188138956
2.6109374804546968
2.610937324357397
2.6109375167390088
2.6109372872878014
2.610937432200525
2.6109373725915686
2.6109372411248337
2.610937563549279
2.6109373167011833
2.6109374890584407
2.610937517531979
2.6109372869788703
2.61093738395083
2.610937420586824
2.6109374370869993
2.6109373673274616
2.610937400195901
2.61093740478695
2.6109373928475863
2.6109374123656712
2.610937380804384
2.6109374240943706
2.6109374326537726
2.610937372246318
2.6109374332745023
2.6109373715103663
2.6109372696734794
2.610937535069827
2.610937400546153
2.6109374042221187
2.610937429255808
2.6109373758258236
2.6109373958769524
2.6109374092072253
2.6109374379943087
2.6109373674932197
2.6109374072386977
2.6109373977147436
2.6109375618050508
2.610937243011432
2.6109374153128995
2.6109373900863524
2.610937368489536
2.61093743621282
2.610937285214181
2.610937519537401
2.610937368745608
2.6109374366120246
2.610937442723332
2.610937361247298
2.610937449041308
2.6109373555652278
2.6109373349500875
2.6109374693817364
2.610937366166092
2.6109374395104537
2.6109373847748802
2.6109374200610325
2.6109375810134647
2.6109372236755783
2.6109374225246413
2.610937382208745
2.610937306782006
2.6109374979464173
2.610937373383293
2.6109374312568634
2.6109374005674635
2.6109374042642717
2.61093741429866
2.610937390732323
2.610937491406175
2.6109373142216845
2.610937367588974
2.6109374372095684
2.610937336302487
2.610937468555994
2.6109373873453894
2.610937417504804
2.6109373890442398
2.610937415481983
2.6109373601297188
2.6109374445955655
2.6109374149077733
2.610937389760524
2.6109375308990934
2.6109372741431107
2.610937485523582
2.6109373196398025
2.6109374975795583
2.610937307796636
2.610937474582039
2.6109373305351387
2.6109373714217106
2.6109374329262125
2.610937348811579
2.6109374563487253
2.6109373475255
2.6109374570483705
2.610937421893189
2.6109373824238427
2.610937403153633
2.6109374018794846
2.610937432036664
2.610937373296712
2.6109373274110173
2.6109374771257223
2.610937469373543
2.6109373358340617
2.6109372776151227
2.6109375272291566
2.6109373983759814
2.6109374057519052
2.6109374543927966
2.61093734989174
2.6109375052471013
2.6109372994773246
2.6109373943849974
2.6109374102715757
2.6109373854536093
2.6109374196489554
2.610937386788184
2.610937418325952
2.6109373763458272
2.6109374282148257
2.610937399016053
2.6109374058395494
2.61093741823563
2.6109373856443265
2.6109374232413556
2.6109373811194745
2.61093737008709
2.6109374352686094
2.6109390332202294
2.610935773561804
2.6109374269206445
2.6109373778851452
2.6109374128575045
2.6109373922886663
2.610937339176234
2.610937465091827
2.6109373891513235
2.6109374157863545
2.6109374491077255
2.6109373560793943
2.6109373697916816
2.610937434348501
2.610937372656532
2.610937432512258
2.6109373825814934
2.6109374219256063
2.6109373614490656
2.6109374434852004
2.610937691026678
2.6109371133671417
2.6109373470507773
2.6109374577154276
2.6109373768599915
2.6109374277292092
2.6109373603693653
2.610937443967789
2.6109373334801123
2.6109374716539566
2.6109374111073684
2.6109373939809655
2.610937464094706
2.610937341428979
2.610937425610844
2.610937379296823
2.610937389303507
2.6109374154517604
2.610937321790532
2.610937483380461
2.610937396141413
2.6109374081004795
2.6109374596479826
2.6109373452415348
2.610937360652882
2.6109374445654074
2.6109373928957256
2.610937411455376
2.61093759446299
2.6109372099327945
2.6109373918550722
2.610937412416278
2.610937339398307
2.610937465424504
2.6109372714891923
2.6109375330878333
2.610937483044388
2.6109373221148298
2.610937427179016
2.610937377188003
2.610937555200417
2.610937250147871
2.6109370893079302
2.610937714866449
2.610937612725675
2.6109371923497062
2.610937342958319
2.61093746133084
2.6109375083932296
2.6109372964106923
2.61093727061995
2.6109375340135483
2.6109374734461186
2.6109373308967427
2.610937365878063
2.610937439003369
2.610937354493434
2.6109374503156815
2.6109373452594453
2.6109374591959345
2.6109373890249534
2.610937415489525
2.610937454338622
2.610937350334018
2.610937497507638
2.6109373083955325
2.6109374551339766
2.6109373496464947
2.6109374568192774
2.610937348126729
2.61093745006368
2.6109373547923678
2.6109374024095806
2.6109374024575778
2.610937367733989
2.6109374374961636
2.610937414031101
2.610937390633067
2.610937792716613
2.61093701172215
2.61093804187451
2.6109367628040334
2.610938170340217
2.610936634397956
2.6109376295492965
2.610937175259589
2.610937513472393
2.6109372914645133
2.610937511460893
2.6109372944435565
2.6109374217073
2.6109373840253567
2.610937650957135
2.6109371579711373
2.6109384656644803
2.6109363394924108
2.610938511967652
2.6109362934731286
2.6109369407298457
2.610937866227078
2.6109382736476743
2.6109365318566287
2.6109374339340867
2.610937372125127
2.610937438124843
2.610937366564599
2.6109373909732083
2.6109374145088045
2.6109372650967595
2.6109375403862787
2.610937262268635
2.6109375425557233
2.610937437934396
2.61093736617263
2.610937445601391
2.610937358785948
2.6109375114004396
2.6109372931717756
2.6109375066899503
2.610937298836593
2.6109373856941973
2.610937419617577
2.610937369109134
2.6109374354811923
2.6109374789889377
2.610937325616554
2.610937490527884
2.6109373130497957
2.6109374126600953
2.610937392388896
2.6109373591412126
2.610937446078057
2.610937380523911
2.6109374245864387
2.610937459997797
2.610937345381698
2.6109375169319478
2.6109372881601134
2.610937585694356
2.6109372193106473
2.6109375897729685
2.6109372151609302
2.6109376541794433
2.6109371514945607
2.6109376201187944
2.6109371856255086
2.6109375307060763
2.610937277211237
2.6109380857622067
2.61093673540725
2.6109375351856685
2.6109372707069136
2.610937711438822
2.610937093957321
2.61093784696891
2.610936957962976
2.610937674279925
2.61093713109109
2.6109374876475453
2.61093731763112
2.6109380093385695
2.6109367960532195
2.610937737725889
2.6109370673701595
2.6109375875749343
2.610937218965975
2.610937426561715
2.610937377930841
2.6109374718845624
2.6109373323036964
2.610937544009703
2.6109372607465056
2.610937547928736
2.6109372569677705
2.6109374082754524
2.6109373963947453
2.6109374498386253
2.6109373554365516
2.610937658566688
2.610937146190333
2.6109375555255125
2.6109372506397355
2.6109374249033532
2.6109373804418192
2.610937114736381
2.6109376894869656
2.6109372701213265
2.610937534795734
2.610937617602561
2.610937187743707
2.610937532943881
2.61093727206557
2.6109374016280835
2.6109374027240038
2.610937504568782
2.6109373010032435
2.6109375564529405
2.610937248797615
2.61093815436638
2.610936651016093
2.610938231902078
2.610936572773902
2.610937980324825
2.610936825336694
2.6109377762519657
2.61093702906148
2.610937528990851
2.61093727637307
2.6109375120158838
2.6109372927346155
2.610937679671383
2.610937125170559
2.6109379752041564
2.6109368293993263
2.6109376853392
2.610937119534872
2.6109378057916666
2.610936999049911
2.6109380626908125
2.610936742464661
2.6109379128022403
2.610936893243714
2.610937822203454
2.610936983314679
2.6109374933815435
2.6109373118878123
2.610937370232218
2.6109374352118686
2.6109381956407836
2.6109366095898583
2.610938185867998
2.610936619623234
2.610937684261624
2.6109371208265872
2.610937819830321
2.6109369852948863
2.6109379510424686
2.6109368539015505
2.6109377294559764
2.6109370757905954
2.610937797746549
2.6109370074741483
2.6109379215518977
2.61093688236704
2.610937832421185
2.610936972983586
2.6109377610505335
2.6109370440894852
2.610937930671963
2.6109368749085995
2.6109380218280887
2.6109367829606116
2.6109379348480055
2.610936870222841
2.6109379865399513
2.610936817780592
2.610937850401657
2.610936954700157
2.610937826139255
2.610936978771452
2.6109379777832222
2.610936826775393
2.6109381322859475
2.6109366726901895
2.6109380208119966
2.6109367837657236
2.610937812581311
2.6109369922750862
2.6109377662403306
2.6109370387049475
2.6109376659243235
2.6109371393038434
2.6109376261698616
2.6109371790603673
2.6109374790552966
2.6109373257260633
2.6109374289606433
2.6109373758284797
2.6109374276162742
2.6109373772898836
2.6109374336575444
2.6109373715518087
2.61093756633472
2.6109372384582716
2.610937654703498
2.610937150659977
2.610937743709048
2.610937061223175
2.6109377030893466
2.610937101611652
2.6109376869599297
2.6109371183527106
2.6109379103710806
2.6109368945183054
2.6109379354607105
2.610936869624007
2.6109378108830636
2.6109369944921275
2.6109380200553813
2.6109367848105824
2.6109380389918817
2.6109367659038245
2.6109378608560956
2.6109369444992727
2.610937898577461
2.610936906039925
2.610937875469678
2.6109369293905944
2.610938113813913
2.610936690824781
2.6109381260529294
2.610936678845162
2.6109381091229826
2.6109366957089715
2.610938094261646
2.610936710669142
2.610938054168238
2.6109367507192505
2.610938256262616
2.610936548559888
2.6109382332637523
2.610936571784366
2.610938069215852
2.6109367358677646
2.6109377238009452
2.61093708115874
2.6109376692781137
2.610937135789677
2.6109380318738493
2.61093677320562
2.6109382718414924
2.610936532822039
2.6109382498904568
2.6109365550026706
2.6109381018244813
2.6109367031334028
2.61093787651515
2.610936928718715
2.610937770885863
2.610937034207476
2.6109376656631236
2.610937139727324
2.610937997259569
2.6109368082195097
2.6109380054407416
2.6109368010841303
2.610937608010416
2.6109371970323285
2.6109375503003456
2.6109372540003246
2.6109379138360316
2.6109368911316495
2.6109380768354695
2.6109367277463
2.6109377607748323
2.6109370436658565
2.6109376167791782
2.6109371886869566
2.6109379471147975
2.610936858299447
2.610938245786086
2.610936559746524
2.610938080449022
2.610936725108857
2.6109379946185802
2.610936810531476
2.6109379168581293
2.6109368878373647
2.610937723333079
2.6109370815414987
2.6109379220264213
2.6109368828058273
2.6109378562168644
2.61093694816676
2.6109376975679153
2.6109371074771266
2.610938065258936
2.6109367386543214
2.610938055575546
2.6109367492736677
2.610937763505344
2.6109370413511757
2.610937568279097
2.6109372364087546
2.6109379034821343
2.6109369011867827
2.610938165875342
2.6109366395604976
2.610937856047108
2.610936948736017
2.6109374468612225
2.6109373584046613
2.610937612721364
2.610937191405431
2.610937719124984
2.6109370861226764
2.610937727762528
2.610937076807226
2.610937729941234
2.610937074097737
2.6109376728318083
2.6109371314741603
2.610937603351249
2.610937201338074
2.610937561277175
2.610937243419162
2.6109374262819407
2.6109373781229923
2.6109375498774368
2.6109372557964887
2.6109375948485
2.610937210031526
2.6109375472824015
2.6109372578629495
2.610937604117655
2.6109372009101772
2.610937698628068
2.6109371067556264
2.610937985238037
2.610936818778697
