2.612007101377994
2.612007101377994
2.612007101377994
2.6120071013088384
2.6120071010727646
2.612007101276099
2.6120071012488695
2.612007101548537
2.612007101179687
2.6120071019427047
2.612007102260944
2.6120071006457275
2.6120071019412876
2.6120071011441706
2.6120071007230576
2.612007101625931
2.6120071019295925
2.6120071016011854
2.612007101072928
2.6120071011698283
2.6120071011990773
2.612007101737529
2.6120071012795476
2.6120071018907023
2.6120071012382864
2.6120071012163324
2.6120071014993123
2.612007101439263
2.6120071013783006
2.612007101315156
2.612007101584819
2.612007101226424
2.6120071015731936
2.612007101542069
2.612007101849091
2.6120071016674826
2.612007101149547
2.612007101156688
2.6120071011992154
2.61200710129835
2.6120071012318693
2.612007101339379
2.6120071011398336
2.612007100626065
2.612007101294171
2.6120071012258563
2.61200710130733
2.612007101374088
2.6120071013545654
2.6120071015207036
2.612007101347171
2.61200710145331
2.612007101672657
2.6120071016366597
2.6120071001215033
2.6120071014532913
2.6120071017166313
2.612007101306529
2.612007101444623
2.6120071017127793
2.6120071018409137
2.6120071015034134
2.612007101759408
2.6120071001579896
2.6120071018441204
2.612007101991735
2.612007101382197
2.6120071011320114
2.612007101359646
2.6120071011745063
2.612007101330726
2.612007101600882
2.6120071007869594
2.6120071013315043
2.6120071013060797
2.6120071013309847
2.612007101468524
2.612007101579862
2.6120071023621714
2.612007101635065
2.612007101496295
2.61200710125391
2.612007101190202
2.612007101483546
2.612007101523667
2.612007101134913
2.612007101161758
2.612007101432533
2.6120071021146805
2.6120071012971566
2.6120071009046546
2.6120071010472765
2.6120071013323463
2.6120071012008865
2.6120071017874213
2.6120071011130404
2.612007101070615
2.612007101205795
2.6120071010656667
2.612007101409466
2.6120071015658657
2.61200710191745
2.6120071015159096
2.6120071020228353
2.612007101111236
2.6120071014849993
2.6120071012533597
2.612007101381623
2.6120071012497315
2.6120071013828214
2.6120071012859354
2.612007101492508
2.6120071013193384
2.6120071014096795
2.6120071016091906
2.612007101597655
2.612007101865321
2.6120071012622503
2.612007101410441
2.612007101142069
2.6120071012550943
2.6120071010910313
2.6120071015641315
2.6120071014670847
2.6120071012758306
2.6120071012490556
2.612007101516432
2.6120071010952195
2.61200710121921
2.6120071008188215
2.6120071013433406
2.612007101102847
2.6120071011733046
2.612007101217785
2.6120071018266255
2.6120071027683522
2.6120071016258097
2.612007101456611
2.6120071012674573
2.6120071014770403
2.612007101807724
2.612007101543314
2.6120071014454034
2.6120071012849784
2.612007101113816
2.612007101358228
2.6120071014076363
2.612007101312221
2.612007101282394
2.612007102053412
2.6120071012743913
2.61200710091096
2.612007101311566
2.612007101423283
2.612007101932802
2.612007101016184
2.612007101299816
2.612007101119702
2.6120071017243047
2.6120071008153225
2.6120071012957844
2.6120071013123813
2.6120071016719493
2.6120071012080555
2.612007101496638
2.612007101326275
2.6120071017582616
2.612007101611806
2.6120071014469852
2.612007101262154
2.612007101526568
2.6120071015892385
2.612007101459712
2.6120071013703745
2.612007101285456
2.6120071015235604
2.612007101745254
2.6120071012023183
2.6120071013727197
2.612007101402062
2.6120071013496946
2.6120071008356858
2.612007101971515
2.612007100900558
2.6120071016159527
2.612007101944866
2.612007101562768
2.6120071012537505
2.612007101407017
2.612007101516909
2.6120071012825656
2.612007101090397
2.6120071012159722
2.6120071013999606
2.6120071011654433
2.6120071015848616
2.6120071013707484
2.612007101564031
2.612007101254626
2.61200710140547
2.6120071011484365
2.612007101201802
2.612007101530094
2.6120071017441906
2.612007101420314
2.6120071011997883
2.612007101371067
2.6120071014333632
2.6120071013157027
2.6120071012338206
2.6120071015314297
2.612007101398497
2.612007101415758
2.6120071013228103
2.612007101696632
2.6120071011883006
2.612007101333881
2.612007101395851
2.6120071012502284
2.612007101505446
2.612007101475858
2.6120071014713933
2.6120071012466886
2.612007101098852
2.612007101347623
2.6120071022888256
2.612007100616531
2.6120071010370087
2.612007101595582
2.612007101282763
2.612007101128129
2.6120071010417334
2.612007101629085
2.612007101412131
2.612007102014041
2.6120071008899846
2.6120071016446142
2.612007101498838
2.6120071012181674
2.6120071013500152
2.6120071012180563
2.612007101136104
2.6120071015344806
2.6120071016596715
2.6120071011008323
2.612007101476096
2.6120071017639606
2.6120071009307013
2.6120071014395005
2.6120071009741705
2.612007101384763
2.6120071017262965
2.61200710165397
2.612007101678423
2.612007101374071
2.6120071011667343
2.612007101547455
2.6120071016146866
2.6120071011739006
2.612007100849408
2.612007101390574
2.6120071017874813
2.612007101354877
2.6120071013671575
2.612007101325613
2.6120071012258173
2.612007101370117
2.6120071014726483
2.6120071014841266
2.612007101803757
2.612007101619696
2.612007101308455
2.6120071012698745
2.6120071012764496
2.612007101297876
2.6120071012910477
2.6120071013161246
2.61200710166694
2.6120071014528223
2.6120071014669652
2.61200710134572
2.612007101505726
2.61200710172544
2.612007101408929
2.6120071014490445
2.6120071012523387
2.612007101059036
2.612007101392527
2.6120071010800916
2.612007101365406
2.6120071013652253
2.612007101371062
2.6120071015227753
2.612007101576694
2.612007101350465
2.612007101561315
2.6120071015371953
2.6120071013622823
2.6120071015686834
2.6120071014330093
2.6120071014209043
2.612007100933983
2.61200710158365
2.61200710137898
2.6120071014031905
2.6120071015506356
2.612007100756734
2.612007101423362
2.612007101469471
2.6120071013177966
2.612007101415451
2.6120071013249833
2.6120071016078517
2.612007101155081
2.6120071016168196
2.6120071017494015
2.612007101448342
2.612007101150504
2.6120071016050335
2.612007101578844
2.6120071009900467
2.612007101640497
2.6120071014680404
2.6120071017250113
2.6120071009893966
2.612007101174412
2.6120071010928037
2.6120071021538163
2.612007100959718
2.612007101425939
2.6120071011396915
2.6120071020585214
2.612007101258579
2.6120071015198434
2.6120071013756325
2.6120071011877255
2.612007101791436
2.6120071012020527
2.612007101014848
2.6120071010859625
2.6120071014571136
2.612007101148298
2.612007101425914
2.6120071014000676
2.612007101328028
2.612007101554504
2.612007099520418
2.6120071011360215
2.612007101282368
2.6120071011856405
2.6120071015872526
2.6120071014195796
2.6120071010755255
2.61200709974924
2.6120071018515256
2.612007099983264
2.612007099279997
2.6120071012931074
2.6120071015381914
2.6120071015539117
2.6120071014949544
2.612007101628394
2.6120071013871087
2.612007101465875
2.612007101118734
2.6120071017259305
2.6120071013255073
2.612007101376023
2.6120071012571566
2.6120071015108985
2.612007101246274
2.612007101332507
2.6120071014141257
2.6120071014552693
2.6120071011495054
2.6120071008651404
2.6120071010084827
2.6120071008447243
2.6120071005342944
2.61200710053573
2.6120071018801694
2.6120071002987544
2.6120071000031393
2.61200710051631
2.612007100913467
2.6120071010814203
2.612007099826489
2.6120071005729644
2.612007100767018
2.6120071014231963
2.6120071013773156
2.6120071009431243
2.612007101601123
2.612007101398942
2.6120071011859274
2.612007100858904
2.6120071012650468
2.612007101976692
2.6120071012381443
2.612007101581091
2.6120071016728756
2.6120071014629627
2.612007101553032
2.6120071004602328
2.612007101522046
2.612007101301426
2.612007101279395
2.612007101594484
2.6120071015853683
2.6120071011009927
2.612007101267494
2.6120071015212227
2.612007101224953
2.61200710108185
2.612007101523023
2.6120071015019395
2.6120071017508124
2.6120071014317947
2.6120071012049086
2.6120071015397466
2.612007101079002
2.6120071010840555
2.612007101429639
2.612007101521
2.6120071002152905
2.612007100475497
2.612007100917365
2.6120071000154814
2.6120071001278715
2.6120071006084364
2.6120071005653798
2.6120070994966618
2.612007099719559
2.612007100116904
2.612007100667792
2.612007100275081
2.612007100063721
2.6120070997283813
2.6120070999475304
2.612007100064292
2.612007100474851
2.6120071004180767
2.612007100860459
2.61200710140547
2.6120071014254145
2.6120071013941546
2.612007101466158
2.6120071011087043
2.612007100549646
2.612007100455521
2.6120071008875336
2.612007100674168
2.612007100055232
2.6120070999141287
2.6120071002350267
2.6120070999064002
2.6120070998554725
2.6120071000984746
2.612007100198785
2.612007100271668
2.61200709954705
2.6120070997326383
2.6120070994736757
2.6120070994321436
2.6120070995834532
2.6120070993151367
2.612007099128932
2.612007099759471
2.6120071007138757
2.612007100652015
2.6120070998336287
2.6120070990760524
2.6120070993880757
2.612007099587275
2.61200710029648
2.6120071006999326
2.6120071006051404
2.61200709980538
2.6120070997620273
2.61200710082353
2.6120071010767454
2.612007100126367
2.612007099854107
2.612007100631117
2.612007101117403
2.6120071000214367
2.612007099354128
2.612007099740545
2.6120070999161054
2.6120071001486904
2.61200710029609
2.612007100138541
2.6120071000777
2.6120071007133223
2.612007099617421
2.6120070999499125
2.6120071007356858
2.6120071010535866
2.6120071001046172
2.6120070997447495
2.6120071005393104
2.61200710123557
2.6120071010465455
2.6120071005130168
2.61200710017994
2.612007100829956
2.612007100715546
2.612007100987531
2.612007101242965
2.6120071013381754
2.6120071012734356
2.612007101101192
2.612007100804048
2.6120071007766237
2.6120071006023546
2.612007100357888
2682.2883287104364
1729.5037961825415
2.6194955242842823
2.6124686245296824
2.6119920031276314
2.611932337090452
2.611937520627643
2.6119613647149844
2.6119613647149844
2.6119613647149844
2.6119613647149844
2.6119613647149844
2.6119613647149844
2.6119613647149844
2.6119613647149844
2.6119613647149844
2.611961364714553
2.6119613647149844
2.6119613647149844
2.6119613647149844
2.6119613647149844
2.6119613647149844
2.6119613647149844
2.6119613647149844
2.6119613647149844
2.6119613647149844
2.6119613647149844
2.6119613647149844
2.61196136471245
2.6119613647149844
2.6119613647149844
2.6119613647149844
2.6119613647149844
2.6119613647149844
2.6119613647149844
2.6119613647149844
2.6119613647149844
2.6119613647149844
2.6119613647149844
2.6119613647149844
2.6119613647149844
2.6119613644172137
2.6119613647149844
2.6119613647149844
2.6119613647149844
2.6119613647149844
2.6119613647149844
2.6119613647149844
2.6119613647149844
2.6119613647149844
2.6119613647149844
2.6119613647149844
2.6119613647149844
2.6119613647149844
2.6119613647149844
2.6119613647149844
2.6119613647149844
2.6119613647149844
2.6119613647149844
2.6119613647149844
2.6119613647149844
2.6119613647149844
2.6119613647149844
2.6119613647149844
2.6119613647149844
2.6119613647149844
2.6119613647149844
2.6119613647149844
2.6119613647149844
2.6119613647149844
2.6119613647149844
2.6119613647149844
2.6119613647149844
2.6119613647149844
2.6119613647149844
2.6119613647149844
2.6119613647149844
2.6119613647165343
2.6119613647149844
2.6119613647149844
2.6119613647149844
2.6119613647149844
2.6119613647149844
2.6119613647149844
2.6119613647165343
2.6119613647149844
2.6119613647149844
2.6119613647149844
2.6119613647149844
2.6119613647149844
2.6119613647149844
2.6119613647149844
2.6119613647149844
2.6119613647149844
2.6119613647149844
2.6119613647149844
2.6119613647149844
2.6119613647149844
2.611961364714553
2.6119613647149844
2.6119613647149844
2.6119613647149844
2.6119613647149844
2.6119613647149844
2.6119613647149844
2.6119613647149844
2.6119613647149844
2.6119613647149844
2.6119613647149844
2.6119613647149844
2.6119613647165343
2.6119613647149844
2.6119613647149844
2.6119613647149844
2.6119613647149844
2.6119613647149844
2.6119613647149844
2.6119613647149844
2.6119613647149844
2.6119613647165343
2.6119613647149844
2.6119613647165343
2.6119613647149844
2.6119613647149844
2.6119613647149844
2.6119613647149844
2.6119613647165343
2.6119613647149844
2.6119613647149844
2.6119613647149844
2.6119613647149844
2.6119613647149844
2.6119613647149844
2.6119613647149844
2.6119613647149844
2.6119613647149844
2.6119613647149844
2.6119613647149844
2.6119613647149844
2.6119613647149844
2.6119613647149844
2.6119613647149844
2.6119613647149844
2.6119613647149844
2.6119613647149844
2.6119613647149844
2.6119613647149844
2.6119613647149844
2.6119613647149844
2.6119613647149844
2.6119613647149844
2.6119613647149844
2.6119613647149844
2.6119613647149844
2.6119613647149844
2.6119613647149844
2.6119613647149844
2.6119613647149844
2.6119613647149844
2.6119613647165343
2.6119613647149844
2.6119613647149844
2.6119613647149844
2.6119613647149844
2.6119613647149844
2.6119613647149844
2.6119613647149844
2.6119613647149844
2.6119613647149844
2.6119613647149844
2.6119613647149844
2.6119613647149844
2.6119613647149844
2.6119613647149844
2.6119613647149844
2.6119613647149844
2.6119613647149844
2.6119613647149844
2.6119613647149844
2.6119613647149844
2.6119613647149844
2.6119613647149844
2.6119613647149844
2.6119613647149844
2.6119613647149844
2.6119613647149844
2.6119613647149844
2.6119613647149844
2.6119613647149844
2.6119613647149844
2.6119613647149844
2.6119613647149844
2.6119613647149844
2.6119613647149844
2.6119613647149844
2.6119613647149844
2.6119613647149844
2.6119613647149844
2.6119613647149844
2.6119613647149844
2.6119613647149844
2.6119613647149844
2.6119613647149844
2.6119613647149844
2.6119613647149844
2.6119613647149844
2.6119613647149844
2.6119613647149844
2.6119613647149844
2.6119613647149844
2.6119613647149844
2.6119613647149844
2.6119613647149844
2.6119613647149844
2.6119613647149844
2.6119613647149844
2.6119613647149844
2.6119613647149844
2.6119613647165343
2.6119613647149844
2.6119613647149844
2.6119613647149844
2.6119613647149844
2.6119613647165343
2.6119613647149844
2.6119613647149844
2.6119613647149844
2.6119613647193525
2.6119613647149844
2.6119613647149844
2.6119613647149844
2.6119613647149844
2.6119613647149844
2.6119613647165343
2.6119613647149844
2.6119613647149844
2.6119613647149844
2.6119613647149844
2.6119613647149844
2.6119613647149844
2.6119613647149844
2.6119613647149844
2.6119613647149844
2.6119613647149844
2.6119613647149844
2.6119613647149844
2.6119613647149844
2.6119613647149844
2.6119613647149844
2.6119613647149844
2.6119613647149844
2.6119613647149844
2.6119613647165343
2.6119613647149844
2.6119613647149844
2.6119613647149844
2.6119613647149844
2.6119613647149844
2.6119613647149844
2.6119613647149844
2.6119613647149844
2.6119613647149844
2.6119613647149844
2.6119613647149844
2.6119613647149844
2.6119613647165343
2.6119613647149844
2.6119613647149844
2.6119613647149844
2.6119613647165343
2.6119613647149844
2.6119613647149844
2.6119613647149844
2.6119613647149844
2.6119613647149844
2.6119613647149844
2.6119613647149844
2.6119613647149844
2.6119613647149844
2.6119613647149844
2.6119613647165343
2.6119613647149844
2.6119613647149844
2.6119613647149844
2.6119613647149844
2.6119613647149844
2.6119613647149844
2.61196136471628
2.61196136471628
2.6119613647149844
2.6119613647165343
2.6119613647149844
2.6119613647165343
2.6119613647149844
2.6119613647209494
2.6119613647149844
2.6119613647149844
2.6119613647165343
2.6119613647149844
2.6119613647149844
2.6119613647149844
2.6119613647165343
2.6119613647162803
2.6119613647149844
2.6119613647149844
2.6119613647149844
2.6119613647149844
2.6119613647149844
2.6119613647149844
2.6119613647149844
2.6119613647149844
2.6119613647149844
2.6119613647149844
2.6119613647149844
2.6119613647149844
2.6119613647149844
2.6119613647149844
2.6119613647149844
2.6119613647149844
2.6119613647149844
2.6119613647149844
2.6119613647149844
2.6119613647149844
2.6119613647149844
2.6119613647149844
2.6119613647165343
2.6119613647149844
2.6119613647165343
2.6119613647149844
2.6119613647149844
2.6119613647149844
2.6119613647149844
2.6119613647149844
2.6119613647119717
2.6119613647149844
2.6119613647165343
2.6119613647149844
2.6119613647165343
2.6119613647149844
2.6119613647149844
2.6119613647149844
2.6119613647149844
2.6119613647149844
2.6119613647149844
2.6119613647149844
2.6119613647149844
2.6119613647165343
2.6119613647149844
2.6119613647149844
2.6119613647149844
2.6119613646172475
2.6119613647149844
2.6119613645965227
2.611961364240344
2.611961364371174
2.611961364866665
2.6119613647822666
2.611961364581342
2.6119613647149844
2.6119613647111932
2.611961364716854
2.611961364710286
2.6119613646890953
2.611961364563701
2.61196136436366
2.6119613647149844
2.6119613647149844
2.6119613647149844
2.6119613647149844
2.6119613646118203
2.6119613642009845
2.61196136471245
2.6119613647149844
2.6119613647149844
2.6119613647149844
2.6119613647149844
2.6119613647149844
2.6119613647149844
2.6119613647149844
2.6119613647092095
2.6119613647149844
2.6119613647149844
2.6119613647149844
2.6119613647149844
2.6119613646773487
2.6119613647149844
2.6119613647165343
2.6119613647095465
2.6119613647095465
2.6119613647095465
2.611961364710286
2.6119613647149844
2.61196136471628
2.611961364709579
2.6119613647126174
2.6119613647148867
2.611961364716172
2.611961364184758
2.611961364716172
2.611961364715262
2.6119613647149844
2.6119613647149844
2.6119613647122106
2.6119613645496544
2.6119613646305755
2.611961364594748
2.6119613645176605
2.6119613642931108
2.6119613647149844
2.6119613644491197
2.611961364530268
2.6119613645446735
2.6119613645738626
2.6119613642679917
2.6119613646400945
2.611961364618434
2.611961364605976
2.611961364604514
2.6119613644252477
2.6119613644270263
2.6119613646131183
2.611961364505412
2.611961364707526
2.611961364549719
2.6119613645822017
2.6119613644231516
2.6119613641607993
2.6119613645427
2.61196136461243
2.6119613647149844
2.6119613647111466
2.611961364710286
2.61196136471628
2.6119613647089444
2.6119613647095465
2.6119613647162794
2.61196136471213
2.6119613647149844
2.6119613647149844
2.611961364422835
2.6119613647165343
2.6119613647095465
2.6119613647095465
2.6119613647149844
2.6119613647095465
2.6119613647162794
2.6119613647165343
2.6119613647165343
2.6119613647165343
2.6119613647149844
2.6119613647095785
2.6119613647095785
2.611961364716854
2.6119613647149844
2.6119613647149844
2.611961364714985
2.61196136471628
2.6119613647149844
2.6119613647122106
2.6119613641698516
2.611961364715262
2.611961364709547
2.6119613647162794
2.611961364715473
2.611961364716854
2.6119613647209494
2.6119613647149844
2.6119613647149844
2.6119613647149844
2.6119613647149844
2.6119613647149844
2.6119613647149844
2.6119613644279083
2.6119613647165343
2.6119613647120326
2.6119613647095465
2.6119613647149844
2.6119613647149844
2.6119613647149844
2.6119613647095465
2.6119613647162794
2.611961364723703
2.611961364715648
2.6119613647149844
2.6119613647165343
2.6119613647149844
2.6119613647149844
2.611961364715262
2.611961364716854
2.611961364712169
2.6119613647162794
2.6119613647149844
2.6119613647095465
2.6119613647095465
2.6119613647162794
2.6119613647162794
2.61196136471628
2.611961364715262
2.6119613647122746
2.6119613647149844
2.6119613647149844
2.61196136471628
2.61196136462406
2.611961364715262
2.6119613647149844
2.611961364714985
2.6119613647133217
2.611961364714985
2.6119613647149844
2.611961364714985
2.6119613647149844
2.6119613647149844
2.611961364714985
2.6119613647149844
2.61196136471628
2.6119613647162794
2.611961364716172
2.6119613647165343
2.6119613647149844
2.6119613647149844
2.6119613647149844
2.612000699366211
2.61198730864591
2.611974144739592
2.611967736102548
2.611964405166314
2.6119628296241557
2.6119620398206687
2.6119616311922487
2.6119614193845813
2.6119613521796854
2.6119613564241595
2.6119613647149844
2.611961410940176
2.61196131840978
2.6119614577945116
2.6119612709936195
2.6119614979160937
2.6119612313769274
2.6119614271532026
2.6119613017219354
2.6119614144951537
2.6119613144807188
2.611961433478107
2.611961295529557
2.611961154804102
2.611961575249675
2.6119611156219946
2.6119616139522366
2.611961609858385
2.611961119152749
2.6119611653454498
2.611961563694054
2.6119613769945698
2.6119613525046352
2.61196158454562
2.6119611443311843
2.6119613387357883
2.6119613900697995
2.6119612839672968
2.6119614446232458
2.61196133596727
2.6119613931587415
2.611961427189637
2.6119613017480754
2.611961434027394
2.6119612949386397
2.6119613556922445
2.6119613734706055
2.611961365662989
2.6119613631681187
2.6119613501036754
2.611961378895707
2.611961356459439
2.6119613724657658
2.6119613973053686
2.611961331338235
2.6119613683559146
2.611961361113243
2.61196134446523
2.6119613841936693
2.611961358099534
2.6119613709369687
2.6119613485613002
2.6119613802005
2.6119614725119114
2.611961256559106
2.6119613554059917
2.6119613737869942
2.6119613458215305
2.6119613826206525
2.611961390530953
2.6119613381253197
2.6119612814477096
2.611961447677057
2.6119612403072923
2.6119614885783045
2.6119613106022666
2.611961418577828
2.611961342478993
2.611961386467465
2.611961488702436
2.611961244072399
2.6119613526784153
2.6119613781760163
2.611961389747322
2.6119613393885817
2.6119614169473646
2.611961312496869
2.6119613698128306
2.611961359023827
2.611961376213687
2.6119613527977927
2.6119616372095718
2.611961091453732
2.611961464865101
2.611961264280537
2.611961387205447
2.6119613420988914
2.6119613585295314
2.6119613704116253
2.6119613133622925
2.6119614155232522
2.6119613144197356
2.61196141442794
2.6119613037930884
2.6119614253290546
2.611961294409967
2.6119614345239137
2.6119613198277016
2.6119614091390084
2.611961271238758
2.6119614574940497
2.611961347351289
2.611961381435277
2.6119618380104854
2.6119608908889314
2.611961348760272
2.6119613800829202
2.6119613275923985
2.611961401184865
2.6119614044310215
2.611961324641297
2.6119612477362906
2.611961481557175
2.6119612733897246
2.61196145552171
2.611961253927317
2.6119614748246374
2.611961325413838
2.6119614037107812
2.611961369142334
2.6119613599226064
2.611961856397504
2.6119608728264394
2.6119612016566793
2.6119615278606005
2.6119611812923655
2.6119615477407208
2.611961270732508
2.611961458568004
2.6119614057928247
2.611961323411303
2.6119614140769687
2.611961314661731
2.6119614471856503
2.6119612818167566
2.6119614040758226
2.6119613251736147
2.611961408610945
2.611961320322284
2.6119615564858165
2.6119611724842864
2.6119614065965386
2.611961321964178
2.6119613879279884
2.611961340947731
2.6119614076417874
2.6119613210636374
2.6119614292173132
2.61196130023653
2.6119612283796902
2.611961501126763
2.611960995657546
2.6119617333593697
2.6119612690224856
2.611961459998505
2.6119614302820087
2.6119612984400753
2.6119614932305155
2.6119612356377804
2.6119614287715662
2.6119613001832445
2.6119613390551955
2.611961389912083
2.6119613048151504
2.611961423661325
2.61196143731023
2.611961291629987
2.611961402819408
2.61196132617042
2.611961312273011
2.611961416722565
2.6119611079345955
2.6119616209409857
2.611961340188615
2.6119613886262156
2.611961474768323
2.611961253789896
2.611961409222084
2.6119613197372384
2.611961395456509
2.611961333862734
2.6119613584665498
2.611961370505149
2.6119612815572126
2.6119614473571646
2.611961428279471
2.611961301030283
2.611961466952707
2.611961261919787
2.6119614213347964
2.611961307523069
2.6119613929900183
2.6119613358371176
2.6119613862978017
2.6119613426004378
2.611961344037734
2.6119613847954435
2.6119612289692373
2.6119614999027947
2.6119613005999125
2.6119614286329735
2.611961266846602
2.611961462085429
2.6119612989315497
2.611961429822253
2.6119613623068174
2.6119613668720363
2.6119613989723587
2.61196132988865
2.6119613947756775
2.6119613340974173
2.6119613781604434
2.6119613509650415
2.6119613539577053
2.6119613747457233
2.611961413979947
2.611961315136739
2.6119613588755772
2.6119613703507785
2.6119614011649896
2.611961327834025
2.6119614161330835
2.6119613127726367
2.6119614332312167
2.6119612953945364
2.611961234094356
2.6119614947254486
2.6119612363888325
2.6119614925313694
2.6119613317377404
2.611961397226639
2.6119614216979734
2.6119613075880452
2.611961407048045
2.6119613217692486
2.611961441238848
2.6119612879072918
2.6119614033272294
2.611961325503857
2.611961357331151
2.611961371656972
2.611961347833547
2.6119613814198828
2.611961342675209
2.61196138662024
2.611961337836648
2.611961391394786
2.6119613221788014
2.61196140672389
2.6119613700330544
2.6119613588736668
2.6119614398993596
2.6119612887554666
2.611961418225809
2.611961310666707
2.611961350884503
2.611961378374807
2.6119614398986783
2.6119612889049257
2.6119614328004883
2.6119612964277414
2.611961405218639
2.611961323853637
2.6119613311870515
2.611961397679389
2.6119609097959593
2.611961819030892
2.6119613313236334
2.611961397813232
2.61196138598398
2.611961342881716
2.6119614337434225
2.6119612956000813
2.6119614455273372
2.6119612831376786
2.6119613370953045
2.6119613915736086
2.611961336929119
2.6119613918274176
2.6119613559114483
2.6119613733822087
2.61196141403695
2.611961314883928
2.611961483090006
2.6119612461570254
2.6119613824863417
2.6119613471552032
2.6119613218185527
2.6119614073042543
2.6119614259387314
2.61196130274491
2.611961362588299
2.611961366698922
2.6119611527054976
2.6119615762266406
2.6119613326787863
2.611961396181477
2.6119614910931737
2.6119612378365007
2.6119614469347923
2.611961281702368
2.6119613680451326
2.6119613605771064
2.6119611642257787
2.6119615646977983
2.611961474893883
2.6119612538554646
2.6119613468965595
2.6119613819325638
2.611961420896529
2.6119613076943886
2.611961202420426
2.6119615263840092
2.611961490419782
2.611961238925549
2.6119613865252904
2.6119613424805492
2.6119613951737555
2.6119613339888184
2.611961343848051
2.6119613851560177
2.6119614283606265
2.6119613007225526
2.6119614045484925
2.6119613243545126
2.611961385810388
2.6119613429729904
2.611961336717299
2.6119613921323737
2.6119612607910847
2.6119614680788317
2.6119612683323608
2.611961460424111
2.6119612831724575
2.6119614458122244
2.6119612921599673
2.611961436929223
2.6119613571700837
2.6119613721160366
2.6119613961909693
2.61196133268534
2.611961420159088
2.611961308631832
2.611961344081822
2.6119613850159658
2.6119613314579917
2.6119613974528337
2.611961287063196
2.6119614416310246
2.6119613697390256
2.6119613592737894
2.6119613739007503
2.611961354903623
2.6119613680476905
2.6119613604123173
2.6119614789590893
2.6119612507710737
2.6119614991778364
2.6119612305439235
2.6119611139025127
2.611961615312387
2.611961491384953
2.611961237219062
2.6119612737528057
2.6119614555102784
2.6119612093637277
2.611961519708768
2.6119614544248138
2.6119612743693086
2.611961505714949
2.611961222864012
2.611961435988455
2.6119612934223695
2.6119613597120828
2.611961369359542
2.61196136557607
2.611961363285078
2.611961412164878
2.6119613163551127
2.6119613732374827
2.611961355710032
2.6119613777209127
2.6119613511034725
2.6119613960997796
2.611961332594708
2.6119613460732913
2.6119613828366015
2.6119613995392195
2.6119613290397377
2.6119613828948056
2.6119613460396867
2.611961374012444
2.611961355174904
2.6119614114352694
2.6119613175983574
2.611961324188978
2.611961404456282
2.6119614267332016
2.6119613025474897
2.6119613705084497
2.611961358637677
2.6119612697723014
2.6119614589626443
2.611961363423067
2.6119613651797833
2.611961448120359
2.611961280829289
2.611961395946326
2.6119613332875478
2.6119613842241844
2.611961344262599
2.6119613468079725
2.611961383941284
2.6119614791844645
2.611961252666438
2.6119613252544402
2.6119614038230274
2.611961321283697
2.6119614078562936
2.6119613689678336
2.6119613599722733
2.611961428768472
2.6119613000332427
2.611961179994096
2.6119615488987677
2.6119613380799716
2.6119613911086303
2.6119613879144183
2.6119613410047604
2.6119614133114095
2.6119613155052956
2.6119614364520727
2.6119612923633246
2.611961402256891
2.611961326899076
2.6119613956652397
2.611961333683813
2.6119614156140143
2.6119613133046173
2.6119614170503036
2.611961311809101
2.611961450899769
2.6119612777330095
2.6119614284924606
2.611961300841805
2.611961013372845
2.611961715439832
2.611961508138774
2.6119612210887855
2.61196144925084
2.611961279717291
2.6119613509069226
2.6119613783119906
2.6119614361602213
2.6119612929460176
2.61196143552222
2.6119612932595353
2.6119614653197822
2.6119612633601266
2.61196135527886
2.611961373898156
2.61196137393524
2.611961354853319
2.611961088792803
2.611961640539657
2.6119616362353533
2.611961092519942
2.6119613148113587
2.6119614139694005
2.611961383159655
2.6119613458229614
2.6119613613617463
2.611961367369262
2.6119613611979866
2.6119613680174587
2.611961352262545
2.611961376551477
2.6119613739693843
2.6119613548745653
2.6119613821609993
2.6119613468440113
2.6119612319511862
2.611961497396626
2.6119613681704394
2.611961360667755
2.6119613872451612
2.6119613416103307
2.611961360682283
2.6119613685865275
2.6119613996723814
2.611961328913912
2.6119613677047795
2.6119613612560144
2.6119615265047504
2.6119612021369205
2.611961390140587
2.611961338865255
2.6119613113324602
2.6119614177154853
2.611961255450292
2.6119614731025123
2.6119613250738967
2.6119614039737273
2.611961404681086
2.611961324511872
2.6119614159584565
2.6119613130628387
2.611961296540108
2.6119614322243825
2.611961324937616
2.611961404031568
2.611961346079496
2.6119613831871855
2.611961548836765
2.6119611799872535
2.6119613832752866
2.6119613454145223
2.6119612662746263
2.6119614629635146
2.6119613343225425
2.6119613945320888
2.611961363680578
2.611961365372691
2.6119613758807514
2.6119613532669717
2.611961455635543
2.6119612732506114
2.6119613271568745
2.611961401729171
2.611961292901375
2.6119614361909265
2.6119613457763187
2.6119613828959616
2.6119613506480643
2.611961378155341
2.611961320744511
2.6119614078512203
2.611961379672239
2.611961349292346
2.6119614992818683
2.611961229534632
2.6119614471910313
2.6119612817793825
2.6119614658322923
2.611961263283729
2.611961437844791
2.611961291129995
2.611961333980908
2.6119613948651272
2.611961310473289
2.6119614183147895
2.6119613108279895
2.611961417722596
2.6119613808360276
2.6119613483855404
2.611961368408121
2.6119613602346003
2.611961382392468
2.611961347040735
2.611961304773848
2.6119614244834133
2.611961410527702
2.61196131810459
2.611961256871376
2.611961472036921
2.611961343188848
2.6119613855707815
2.611961429137993
2.6119612998499324
2.611961459475928
2.611961269535885
2.61196136003718
2.6119613691219117
2.6119613484650803
2.611961380751226
2.6119613466204044
2.6119613824800307
2.6119613386574088
2.6119613904542662
2.6119613551173826
2.6119613742540677
2.6119613816941625
2.6119613474437164
2.6119613847388194
2.61196134413752
2.611961375575674
2.611961353645061
2.611961386969229
2.6119613416488137
2.6119614229540136
2.61196130593792
2.611961376078071
2.611961352642088
2.6119613008401115
2.6119614274672127
2.6119613442500924
2.611961384616317
2.611961414802805
2.6119613139777584
2.6119613269448463
2.6119614023242783
2.611961331865307
2.6119613971163296
2.611961349374418
2.6119613796510843
2.611961320314077
2.6119614089560272
2.611961667070614
2.611961061877897
2.61196130769324
2.611961421233728
2.6119613376756923
2.6119613917518865
2.6119613225833573
2.611961406127574
2.611961292945698
2.611961435869876
2.611961374492376
2.6119613546615223
2.611961426157732
2.611961302760249
2.6119613855075348
2.6119613432159303
2.611961349085335
2.611961380127378
2.611961282426896
2.611961446693217
2.611961356508516
2.61196137233495
2.61196142517814
2.611961303861337
2.6119613182658408
2.6119614104244944
2.611961357887914
2.6119613711991176
2.6119615590912146
2.611961169911633
2.6119613597420366
2.6119613689536756
2.6119612910696235
2.6119614375645765
2.611961239320883
2.6119614895013266
2.6119614258099357
2.6119613032560367
2.611961426553731
2.611961302464947
2.6119614585333806
2.611961270345835
2.6119611075822027
2.611961621217236
2.611961532701002
2.61196119650553
2.611961350478291
2.611961378486777
2.611961430474684
2.6119612986948715
2.6119612610597573
2.611961468280813
2.611961413759099
2.611961315520807
2.6119613385079967
2.6119613905817998
2.611961312900457
2.611961416253511
2.6119613100130756
2.6119614189090115
2.6119613503106436
2.6119613785953906
2.6119614173342756
2.611961311801555
2.6119614602117593
2.6119612684265414
2.6119614171590384
2.6119613114093805
2.6119614234229465
2.6119613056444537
2.611961421479805
2.6119613073064567
2.6119613703871445
2.6119613589141695
2.61196133217925
2.611961396855448
2.6119613510195387
2.6119613779356436
2.6119618774366753
2.6119608520527553
2.611961999587939
2.6119607294635108
2.611962132398956
2.6119605962295642
2.61196160949213
2.6119611199525203
2.6119614599418384
2.6119612689863727
2.611961557552723
2.611961171876221
2.611961281663551
2.6119614486200913
2.61196201030647
2.6119607197087022
2.6119619731469794
2.6119607565487866
2.611961863538928
2.6119608657321534
2.61196198073205
2.611960748875413
2.6119621259405474
2.611960603031766
2.611961499939306
2.6119612294118637
2.6119612852300493
2.61196144399826
2.6119613590395847
2.6119613704825086
2.6119613535491824
2.611961375260819
2.611961283224355
2.6119614455265436
2.6119613336162346
2.6119613956574663
2.611961380084629
2.6119613488487587
2.6119614298272027
2.6119612991831236
2.61196145921304
2.6119612700513946
2.6119613562659505
2.611961372794707
2.6119613403243664
2.611961388683424
2.611961432170326
2.6119612966333627
2.6119614444279855
2.611961284290798
2.6119613801414765
2.611961348677846
2.6119613246325497
2.611961404474258
2.6119613345394344
2.611961394717965
2.611961420875512
2.6119613082166655
2.6119614869106553
2.611961242003244
2.6119615572362727
2.6119611719701417
2.611961565465056
2.611961163393495
2.611961647506341
2.611961082186701
2.6119616356985964
2.6119610938114235
2.611961643954133
2.6119610870989662
2.611961098689219
2.611961647076295
2.6119617114036244
2.6119610222202523
2.611961768653125
2.611960961594655
2.611961865905188
2.611960863762641
2.6119616491782915
2.611961080311416
2.6119614392578336
2.6119612897943956
2.61196198744631
2.611960741324685
2.611961707091449
2.611961022323179
2.6119615377322534
2.611961192362933
2.6119613851367447
2.6119613439544747
2.611961427644462
2.6119613012489937
2.6119614927505
2.6119612361384847
2.6119614901567205
2.6119612387979148
2.6119614537367797
2.6119612753486106
2.611961394848235
2.6119613341758434
2.611961618278066
2.611961111176061
2.6119614096415393
2.6119613204735437
2.611961234183181
2.6119614956976456
2.611961265483952
2.611961463756095
2.611961333668182
2.611961395463733
2.611961558100789
2.6119611710570774
2.611961514946459
2.611961213850588
2.6119614204412183
2.6119613085245503
2.611961671371742
2.611961057735029
2.611961674748471
2.6119610549527894
2.611960858263129
2.611961872578501
2.611961491577637
2.611961242521632
2.6119623112424915
2.6119604181538203
2.6119619219461674
2.6119608072206253
2.6119615167620243
2.6119612123962974
2.611961443695015
2.6119612852281633
2.6119615680204564
2.6119611613805853
2.6119617953980923
2.6119609335570417
2.6119616458779715
2.6119610831208897
2.6119618173307377
2.611960911629181
2.6119620405356705
2.611960688773067
2.6119619141282397
2.6119608149049736
2.6119617981275054
2.6119609310031175
2.611961452176957
2.611961276964729
2.611961313471233
2.611961415662866
2.6119621331105574
2.6119605969808712
2.611962221059029
2.61196050841228
2.6119616447617284
2.611961085193626
2.6119618655498478
2.611960863593689
2.611961889462103
2.6119608394050733
2.611961680125262
2.6119610488037552
2.6119617604192333
2.6119609687785785
2.611961900309144
2.611960828872774
2.611961815586017
2.611960913588395
2.611961738226396
2.611960991289427
2.6119619053817695
2.6119608237014833
2.611961971772531
2.611960757605986
2.6119619010568584
2.611960828078967
2.6119619559357043
2.61196077318317
2.6119618121790897
2.6119609166636444
2.611961790781667
2.6119609384586324
2.6119619519760375
2.611960777123271
2.6119621087473646
2.6119606197841936
2.6119619905366447
2.6119607384399095
2.6119617770121923
2.611960951790011
2.611961731423296
2.6119609976865394
2.611961628963625
2.6119611000561207
2.611961596387812
2.6119611333173096
2.6119614472542634
2.611961282580868
2.6119613939094366
2.611961335327684
2.61196139407915
2.6119613347849615
2.6119614018294803
2.611961327486175
2.6119615455482474
2.6119611835102234
2.611961635350285
2.6119610940444016
2.6119617150108216
2.6119610139371767
2.6119616700600363
2.6119610593441704
2.6119616438662914
2.611961085236411
2.6119618879580604
2.6119608415102498
2.61196191493931
2.6119608146876176
2.6119617796187
2.6119609491057068
2.611961998903122
2.611960730159284
2.6119620210130376
2.611960708231696
2.6119618344288327
2.611960894916883
2.611961858653364
2.6119608704811452
2.61196182013067
2.6119609086858064
2.611962077037312
2.6119606520598753
2.611962086686055
2.611960642243277
2.61196206492909
2.6119606641504336
2.6119620445709604
2.611960684176792
2.6119620045521303
2.611960724987279
2.6119622207884245
2.611960507781542
2.6119622072134527
2.6119605219465436
2.611962023478405
2.6119607058526055
2.6119617013616003
2.6119610277295005
2.611961617619611
2.6119611111243586
2.6119620024315373
2.611960726905388
2.611962256028396
2.6119604728715284
2.611962234169297
2.6119604947908583
2.6119620698651245
2.6119606595131697
2.6119618403234717
2.6119608887617662
2.611961731859771
2.611960997130664
2.6119616289723235
2.6119611000164684
2.6119619903062503
2.611960739877964
2.6119619793812943
2.611960751744256
2.6119615635234137
2.6119611655161563
2.6119615080995207
2.6119612213667303
2.6119618892318255
2.61196084019171
2.6119620542964337
2.6119606745558865
2.61196171395542
2.6119610150940553
2.611961562317011
2.6119611665406604
2.6119619190693295
2.6119608100382656
2.6119622383906655
2.611960490848408
2.6119620569203277
2.611960671958875
2.611961965009236
2.6119607641677813
2.6119618783549834
2.6119608506858922
2.611961675170483
2.611961054065709
2.611961889277311
2.611960839735956
2.611961827434636
2.6119609015839838
2.6119616640753005
2.6119610652169336
2.6119620472599205
2.6119606814244367
2.611962029507862
2.6119606996071867
2.61196173205534
2.611960997193029
2.6119615267742
2.6119612024548076
2.611961876539909
2.6119608528251397
2.6119621542191362
2.611960575077154
2.6119618486582707
2.6119608803529695
2.6119614078947704
2.6119613213870254
2.611961566053397
2.6119611631213115
2.6119616852647587
2.6119610436958087
2.6119616936499774
2.6119610355150966
2.611961703982553
2.6119610251340895
2.6119616483656847
2.611961080888654
2.611961588272383
2.6119611408340564
2.6119615398725977
2.6119611893955246
2.6119613788122686
2.6119613502222236
2.611961494488446
2.6119612343260825
2.6119615500833273
2.611961178512168
2.6119615092757305
2.61196121965631
2.6119615616688177
2.6119611675384915
2.611961639531574
2.611961089812553
2.6119619295201866
2.6119607995810066
2.612007101377994
2.612007101377994
2.612007101377994
2.6120071013088384
2.6120071010727646
2.612007101276099
2.6120071012488695
2.612007101548537
2.612007101179687
2.6120071019427047
2.612007102260944
2.6120071006457275
2.6120071019412876
2.6120071011441706
2.6120071007230576
2.612007101625931
2.6120071019295925
2.6120071016011854
2.612007101072928
2.6120071011698283
2.6120071011990773
2.612007101737529
2.6120071012795476
2.6120071018907023
2.6120071012382864
2.6120071012163324
2.6120071014993123
2.612007101439263
2.6120071013783006
2.612007101315156
2.612007101584819
2.612007101226424
2.6120071015731936
2.612007101542069
2.612007101849091
2.6120071016674826
2.612007101149547
2.612007101156688
2.6120071011992154
2.61200710129835
2.6120071012318693
2.612007101339379
2.6120071011398336
2.612007100626065
2.612007101294171
2.6120071012258563
2.61200710130733
2.612007101374088
2.6120071013545654
2.6120071015207036
2.612007101347171
2.61200710145331
2.612007101672657
2.6120071016366597
2.6120071001215033
2.6120071014532913
2.6120071017166313
2.612007101306529
2.612007101444623
2.6120071017127793
2.6120071018409137
2.6120071015034134
2.612007101759408
2.6120071001579896
2.6120071018441204
2.612007101991735
2.612007101382197
2.6120071011320114
2.612007101359646
2.6120071011745063
2.612007101330726
2.612007101600882
2.6120071007869594
2.6120071013315043
2.6120071013060797
2.6120071013309847
2.612007101468524
2.612007101579862
2.6120071023621714
2.612007101635065
2.612007101496295
2.61200710125391
2.612007101190202
2.612007101483546
2.612007101523667
2.612007101134913
2.612007101161758
2.612007101432533
2.6120071021146805
2.6120071012971566
2.6120071009046546
2.6120071010472765
2.6120071013323463
2.6120071012008865
2.6120071017874213
2.6120071011130404
2.612007101070615
2.612007101205795
2.6120071010656667
2.612007101409466
2.6120071015658657
2.61200710191745
2.6120071015159096
2.6120071020228353
2.612007101111236
2.6120071014849993
2.6120071012533597
2.612007101381623
2.6120071012497315
2.6120071013828214
2.6120071012859354
2.612007101492508
2.6120071013193384
2.6120071014096795
2.6120071016091906
2.612007101597655
2.612007101865321
2.6120071012622503
2.612007101410441
2.612007101142069
2.6120071012550943
2.6120071010910313
2.6120071015641315
2.6120071014670847
2.6120071012758306
2.6120071012490556
2.612007101516432
2.6120071010952195
2.61200710121921
2.6120071008188215
2.6120071013433406
2.612007101102847
2.6120071011733046
2.612007101217785
2.6120071018266255
2.6120071027683522
2.6120071016258097
2.612007101456611
2.6120071012674573
2.6120071014770403
2.612007101807724
2.612007101543314
2.6120071014454034
2.6120071012849784
2.612007101113816
2.612007101358228
2.6120071014076363
2.612007101312221
2.612007101282394
2.612007102053412
2.6120071012743913
2.61200710091096
2.612007101311566
2.612007101423283
2.612007101932802
2.612007101016184
2.612007101299816
2.612007101119702
2.6120071017243047
2.6120071008153225
2.6120071012957844
2.6120071013123813
2.6120071016719493
2.6120071012080555
2.612007101496638
2.612007101326275
2.6120071017582616
2.612007101611806
2.6120071014469852
2.612007101262154
2.612007101526568
2.6120071015892385
2.612007101459712
2.6120071013703745
2.612007101285456
2.6120071015235604
2.612007101745254
2.6120071012023183
2.6120071013727197
2.612007101402062
2.6120071013496946
2.6120071008356858
2.612007101971515
2.612007100900558
2.6120071016159527
2.612007101944866
2.612007101562768
2.6120071012537505
2.612007101407017
2.612007101516909
2.6120071012825656
2.612007101090397
2.6120071012159722
2.6120071013999606
2.6120071011654433
2.6120071015848616
2.6120071013707484
2.612007101564031
2.612007101254626
2.61200710140547
2.6120071011484365
2.612007101201802
2.612007101530094
2.6120071017441906
2.612007101420314
2.6120071011997883
2.612007101371067
2.6120071014333632
2.6120071013157027
2.6120071012338206
2.6120071015314297
2.612007101398497
2.612007101415758
2.6120071013228103
2.612007101696632
2.6120071011883006
2.612007101333881
2.612007101395851
2.6120071012502284
2.612007101505446
2.612007101475858
2.6120071014713933
2.6120071012466886
2.612007101098852
2.612007101347623
2.6120071022888256
2.612007100616531
2.6120071010370087
2.612007101595582
2.612007101282763
2.612007101128129
2.6120071010417334
2.612007101629085
2.612007101412131
2.612007102014041
2.6120071008899846
2.6120071016446142
2.612007101498838
2.6120071012181674
2.6120071013500152
2.6120071012180563
2.612007101136104
2.6120071015344806
2.6120071016596715
2.6120071011008323
2.612007101476096
2.6120071017639606
2.6120071009307013
2.6120071014395005
2.6120071009741705
2.612007101384763
2.6120071017262965
2.61200710165397
2.612007101678423
2.612007101374071
2.6120071011667343
2.612007101547455
2.6120071016146866
2.6120071011739006
2.612007100849408
2.612007101390574
2.6120071017874813
2.612007101354877
2.6120071013671575
2.612007101325613
2.6120071012258173
2.612007101370117
2.6120071014726483
2.6120071014841266
2.612007101803757
2.612007101619696
2.612007101308455
2.6120071012698745
2.6120071012764496
2.612007101297876
2.6120071012910477
2.6120071013161246
2.61200710166694
2.6120071014528223
2.6120071014669652
2.61200710134572
2.612007101505726
2.61200710172544
2.612007101408929
2.6120071014490445
2.6120071012523387
2.612007101059036
2.612007101392527
2.6120071010800916
2.612007101365406
2.6120071013652253
2.612007101371062
2.6120071015227753
2.612007101576694
2.612007101350465
2.612007101561315
2.6120071015371953
2.6120071013622823
2.6120071015686834
2.6120071014330093
2.6120071014209043
2.612007100933983
2.61200710158365
2.61200710137898
2.6120071014031905
2.6120071015506356
2.612007100756734
2.612007101423362
2.612007101469471
2.6120071013177966
2.612007101415451
2.6120071013249833
2.6120071016078517
2.612007101155081
2.6120071016168196
2.6120071017494015
2.612007101448342
2.612007101150504
2.6120071016050335
2.612007101578844
2.6120071009900467
2.612007101640497
2.6120071014680404
2.6120071017250113
2.6120071009893966
2.612007101174412
2.6120071010928037
2.6120071021538163
2.612007100959718
2.612007101425939
2.6120071011396915
2.6120071020585214
2.612007101258579
2.6120071015198434
2.6120071013756325
2.6120071011877255
2.612007101791436
2.6120071012020527
2.612007101014848
2.6120071010859625
2.6120071014571136
2.612007101148298
2.612007101425914
2.6120071014000676
2.612007101328028
2.612007101554504
2.612007099520418
2.6120071011360215
2.612007101282368
2.6120071011856405
2.6120071015872526
2.6120071014195796
2.6120071010755255
2.61200709974924
2.6120071018515256
2.612007099983264
2.612007099279997
2.6120071012931074
2.6120071015381914
2.6120071015539117
2.6120071014949544
2.612007101628394
2.6120071013871087
2.612007101465875
2.612007101118734
2.6120071017259305
2.6120071013255073
2.612007101376023
2.6120071012571566
2.6120071015108985
2.612007101246274
2.612007101332507
2.6120071014141257
2.6120071014552693
2.6120071011495054
2.6120071008651404
2.6120071010084827
2.6120071008447243
2.6120071005342944
2.61200710053573
2.6120071018801694
2.6120071002987544
2.6120071000031393
2.61200710051631
2.612007100913467
2.6120071010814203
2.612007099826489
2.6120071005729644
2.612007100767018
2.6120071014231963
2.6120071013773156
2.6120071009431243
2.612007101601123
2.612007101398942
2.6120071011859274
2.612007100858904
2.6120071012650468
2.612007101976692
2.6120071012381443
2.612007101581091
2.6120071016728756
2.6120071014629627
2.612007101553032
2.6120071004602328
2.612007101522046
2.612007101301426
2.612007101279395
2.612007101594484
2.6120071015853683
2.6120071011009927
2.612007101267494
2.6120071015212227
2.612007101224953
2.61200710108185
2.612007101523023
2.6120071015019395
2.6120071017508124
2.6120071014317947
2.6120071012049086
2.6120071015397466
2.612007101079002
2.6120071010840555
2.612007101429639
2.612007101521
2.6120071002152905
2.612007100475497
2.612007100917365
2.6120071000154814
2.6120071001278715
2.6120071006084364
2.6120071005653798
2.6120070994966618
2.612007099719559
2.612007100116904
2.612007100667792
2.612007100275081
2.612007100063721
2.6120070997283813
2.6120070999475304
2.612007100064292
2.612007100474851
2.6120071004180767
2.612007100860459
2.61200710140547
2.6120071014254145
2.6120071013941546
2.612007101466158
2.6120071011087043
2.612007100549646
2.612007100455521
2.6120071008875336
2.612007100674168
2.612007100055232
2.6120070999141287
2.6120071002350267
2.6120070999064002
2.6120070998554725
2.6120071000984746
2.612007100198785
2.612007100271668
2.61200709954705
2.6120070997326383
2.6120070994736757
2.6120070994321436
2.6120070995834532
2.6120070993151367
2.612007099128932
2.612007099759471
2.6120071007138757
2.612007100652015
2.6120070998336287
2.6120070990760524
2.6120070993880757
2.612007099587275
2.61200710029648
2.6120071006999326
2.6120071006051404
2.61200709980538
2.6120070997620273
2.61200710082353
2.6120071010767454
2.612007100126367
2.612007099854107
2.612007100631117
2.612007101117403
2.6120071000214367
2.612007099354128
2.612007099740545
2.6120070999161054
2.6120071001486904
2.61200710029609
2.612007100138541
2.6120071000777
2.6120071007133223
2.612007099617421
2.6120070999499125
2.6120071007356858
2.6120071010535866
2.6120071001046172
2.6120070997447495
2.6120071005393104
2.61200710123557
2.6120071010465455
2.6120071005130168
2.61200710017994
2.612007100829956

