0.0030536438951543313
0.0030536438951543313
0.0030536438951543313
0.0030536438960322857
0.0030536438963512085
0.0030536438963526718
0.0030536438960326994
0.0030536438959882376
0.0030536438960712797
0.003053643896129986
0.0030536438961306085
0.0030536438960712797
0.003053643895988881
0.0030536430483208235
0.003053643184371746
0.00305364318437212
0.0030536430483199513
0.0030536426287332873
0.0030536438950157945
0.0030536438948803625
0.0030536438948810265
0.0030536438950149176
0.0030536426287332873
0.0030536438909535366
0.0030536438912872896
0.0030536438915707955
0.0030536438912869305
0.0030536438909535366
0.0030536438915368773
0.003053643892998622
0.003053643893829358
0.003053643892998
0.003053643891536837
0.0025101381745646287
0.0013954550537020034
0.0013954550560700048
0.0013954550567996087
0.0013954550567915223
0.0013954550560697457
0.0013954550549686003
0.0013954550541433741
0.001395455053774356
0.0013954550537737713
0.001395455054146201
0.0013954550549677637
0.0013954550536802767
0.0013954550537005686
0.0013954550536993259
0.0013954550536802767
0.001395455053610005
0.0013954550535062347
0.0013954550534777484
0.0013954550534768283
0.0013954550535069637
0.0013954550536100312
0.0013954550481494509
0.0013954550483445734
0.0013954550484211075
0.0013954550483524192
0.0013954550481444258
0.0013954550479969147
0.0013954550479037481
0.0013954550478947727
0.0013954550479070868
0.0013954550479911931
0.0022150571099147642
0.000995261327895039
0.000995261330810982
0.0009952613318370052
0.0009952613318231869
0.0009952613308179185
0.0009952613292853094
0.0009952613280723188
0.0009952613274869086
0.0009952613274857593
0.000995261328071099
0.0009952613292796223
0.000995261327880206
0.0009952613278901112
0.0009952613278945937
0.0009952613278672792
0.0009952613278061554
0.0009952613277540686
0.0009952613278043127
0.00099526132780001
0.0009952613277540122
0.0009952613278074874
0.000995261322465805
0.0009952613225347024
0.0009952613229210227
0.0009952613222971626
0.0009952613224630904
0.000995261322466497
0.0009952613222244402
0.0009952613220715963
0.0009952613222268172
0.0009952613224622415
0.0009333923085683933
0.0009333923113621824
0.0009333923155792282
0.0009333923146413478
0.0009333923122348656
0.0009333923069947017
0.0009333923032444685
0.0009333923008594086
0.0009333923008661049
0.0009333923031978442
0.0009333923072424303
0.0009333923086149562
0.0009333923084637568
0.0009333923087624126
0.0009333923085873541
0.0009333923088266148
0.0009333923094283693
0.0009333923105477824
0.0009333923105652991
0.0009333923094501089
0.0009333923088163537
0.0009333923306110304
0.0009333923287459984
0.000933392329732315
0.0009333923279244043
0.0009333923313118384
0.00093339233244992
0.0009333923323111191
0.0009333923328887165
0.0009333923323429041
0.0009333923324953346
0.0004651124862333276
0.00046511248839437226
0.00046511248720141685
0.0004651124911360584
0.0004651124854981654
0.0004651124859319923
0.00046511248737129713
0.00046511248811757593
0.0004651124879151956
0.00046511248778985175
0.00046511248455013
0.00046511248630784957
0.0004651124862002044
0.0004651124863515112
0.0004651124862481656
0.000465112486298648
0.00046511248704540515
0.00046511248638079025
0.000465112486345852
0.0004651124870754025
0.000465112486237661
0.00046511249429016013
0.00046511249234395624
0.0004651124949119126
0.0004651124942430548
0.0004651124906769885
0.000465112486308691
0.00046511249347441254
0.00046511249332097283
0.0004651124936599897
0.0004651124847643969
0.003323394056109291
0.0003664473275768687
0.00036644732881049917
0.0003664473303080719
0.00036644732963062184
0.00036644732946922956
0.00036644732795560765
0.00036644732848366003
0.00036644732936503194
0.0003664473295120033
0.00036644732807097024
0.00036644732867925417
0.0003664473275887116
0.0003664473275505157
0.00036644732747530224
0.0003664473275937412
0.00036644732759239255
0.00036644732779112
0.00036644732777706373
0.00036644732776906015
0.00036644732776033466
0.0003664473275920986
0.0003664473240214322
0.0003664473290041747
0.0003664473314913622
0.00036644732702529817
0.00036644732519619066
0.00036644732858639003
0.00036644733053084976
0.00036644733122144366
0.000366447330305543
0.0003664473294284075
0.00033637925262853293
0.00033637925419186345
0.00033637925496687393
0.00033637925521682124
0.00033637925354778307
0.0003363792534345983
0.00033637925366893654
0.0003363792539294386
0.0003363792536513851
0.00033637925419209905
0.00033637925281565647
0.00033637925273793934
0.00033637925259559986
0.0003363792526894111
0.00033637925271264447
0.0003363792526385027
0.0003363792526953379
0.0003363792527857368
0.0003363792527646867
0.0003363792526913371
0.0003363792526514477
0.0003363792593790143
0.0003363792555347457
0.00033637925766633346
0.0003363792574698333
0.0003363792579991023
0.0003363792558567433
0.0003363792574452148
0.00033637925770332443
0.0003363792575797825
0.0003363792546017677
0.00023685483640420218
0.00023685483671817835
0.00023685483827866864
0.00023685483667304047
0.00023685483925309445
0.00023685483822360976
0.00023685483722461566
0.00023685483685597915
0.00023685483829785514
0.00023685483501258484
0.00023685484113149507
0.00023685483632754465
0.00023685483668779402
0.0002368548361462128
0.0002368548364008379
0.00023685483659476747
0.00023685483645894946
0.00023685483643923455
0.0002368548365703825
0.00023685483644304112
0.0002368548364917748
0.0002368548294283177
0.0002368548415045716
0.00023685483937310834
0.00023685483403125939
0.0002368548329476274
0.0002368548409581159
0.0002368548392986197
0.00023685483796276045
0.00023685483511760614
0.00023685484090496512
0.0010027654374407237
0.0002151247288039145
0.00021512472983577788
0.00021512473068534748
0.00021512472991508277
0.00021512473066919282
0.0002151247305035752
0.00021512473002275318
0.0002151247295272843
0.00021512472965952976
0.00021512472948877326
0.00021512473145940137
0.00021512472893201
0.00021512472883681956
0.00021512472878916378
0.00021512472894460316
0.00021512472899342687
0.00021512472892696409
0.00021512472889561907
0.000215124729001976
0.0002151247289193401
0.0002151247289270675
0.00021512473214624188
0.00021512473104628256
0.00021512473297698198
0.00021512473103182676
0.0002151247317463554
0.0002151247320620471
0.00021512473267981365
0.00021512473261853617
0.0002151247319369345
0.00021512473005058706
0.0001977256206057579
0.00019772562251081213
0.0001977256219279236
0.0001977256222588876
0.000197725622235432
0.0001977256222128495
0.00019772562169026827
0.00019772562149020586
0.00019772562144229944
0.0001977256217080219
0.000197725622148819
0.00019772562068772945
0.00019772562070502925
0.00019772562068543634
0.00019772562074339087
0.00019772562078998276
0.00019772562077434127
0.0001977256208083109
0.0001977256207620483
0.00019772562078844576
0.0001977256207952198
0.00019772562257111206
0.00019772562479584434
0.00019772562462131536
0.00019772562395396144
0.00019772562315456522
0.00019772562407904554
0.00019772562433603732
0.00019772562462600066
0.00019772562401345657
0.00019772562437053595
0.00016035142801532412
0.00016035142917343972
0.00016035143023701025
0.00016035142944951212
0.00016035142967650025
0.0001603514290975061
0.00016035142932034784
0.00016035142895342574
0.0001603514289389956
0.00016035142937758135
0.0001603514293782009
0.00016035142835855968
0.0001603514279748617
0.00016035142816804787
0.00016035142828129214
0.00016035142814577825
0.00016035142826453585
0.00016035142831683345
0.00016035142829239887
0.0001603514282510393
0.0001603514280737374
0.0001603514331050106
0.00016035143032592478
0.0001603514320663298
0.00016035143107932521
0.00016035143216217986
0.00016035143042249456
0.00016035143174880138
0.00016035143193337027
0.00016035143153768193
0.0001603514288465747
0.00010833340096908589
0.00010833340559325788
0.00010833339758704836
0.00010833340575840284
0.00010833339928134217
0.00010833340464619468
0.00010833339959865258
0.00010833340240418542
0.0001083334026418506
0.00010833340003083157
0.00010833340203356088
0.00010833340018467868
0.00010833340214529128
0.00010833340121549971
0.00010833340059103583
0.00010833340193454491
0.0001083334014607232
0.00010833340103584464
0.00010833340161384469
0.0001083334012590896
0.00010833340197185472
0.00010833339916408656
0.00010833341083350446
0.00010833340604153095
0.0001083334095341045
0.00010833340147546508
0.0001083334099882774
0.00010833340784699577
0.0001083334076216389
0.00010833340709600999
0.00010833341277941238
0.001559248068452364
7.797149784412441e-05
7.79714979577711e-05
7.797150169697504e-05
7.797149735863181e-05
7.797150071112738e-05
7.797149771281133e-05
7.797150015106865e-05
7.7971498491209e-05
7.797149838631573e-05
7.797149980373882e-05
7.797149912562213e-05
7.797149783055974e-05
7.797149833990287e-05
7.797149833894769e-05
7.797149765786693e-05
7.797149824969117e-05
7.797149826232996e-05
7.797149813097904e-05
7.797149804060826e-05
7.797149843806483e-05
7.797149797346439e-05
7.797150411478745e-05
7.797149843449015e-05
7.797150191431239e-05
7.797149961071256e-05
7.797150117869799e-05
7.797150067744429e-05
7.797150137702566e-05
7.797150176937776e-05
7.797150160178297e-05
7.797149854343889e-05
7.309766342112397e-05
7.309766678533525e-05
7.309766153475923e-05
7.309766802498928e-05
7.309766179032284e-05
7.30976669749987e-05
7.309766260722284e-05
7.309766494572448e-05
7.309766506979151e-05
7.309766330795292e-05
7.309766471844979e-05
7.309766374268784e-05
7.309766377429845e-05
7.309766350059547e-05
7.309766407692926e-05
7.309766361886149e-05
7.309766377036352e-05
7.309766389782191e-05
7.309766392431813e-05
7.309766361981021e-05
7.309766404269387e-05
7.309766470233424e-05
7.309767210934073e-05
7.309766729946492e-05
7.30976700673827e-05
7.309766821514742e-05
7.309766925965282e-05
7.309766917601581e-05
7.309766853574987e-05
7.30976681514395e-05
7.309767186267775e-05
6.0958031515694325e-05
6.0958030613306305e-05
6.0958036693778354e-05
6.0958029006428974e-05
6.0958036455841745e-05
6.095802958854958e-05
6.095803475376693e-05
6.0958031715642585e-05
6.0958031797140436e-05
6.095803385295403e-05
6.095803269469181e-05
6.095803209564246e-05
6.095803126303647e-05
6.0958031700367396e-05
6.095803184853116e-05
6.0958032075014345e-05
6.095803170017641e-05
6.095803206401923e-05
6.0958031644841324e-05
6.095803217253816e-05
6.095803142838963e-05
6.09580384342658e-05
6.0958027183710356e-05
6.095803664301511e-05
6.095803277890399e-05
6.095803550567686e-05
6.095803559299995e-05
6.095803490033836e-05
6.0958035814017355e-05
6.0958036071799324e-05
6.095803043957475e-05
5.826730861128671e-05
5.826731284153527e-05
5.826730460837656e-05
5.8267316027329485e-05
5.8267303947558775e-05
5.826731475208093e-05
5.8267305791238295e-05
5.826731066359209e-05
5.826731036525141e-05
5.826730804522056e-05
5.826730909983806e-05
5.8267308907673885e-05
5.8267309061429514e-05
5.8267308883458704e-05
5.8267309135333756e-05
5.826730867121162e-05
5.826730941971319e-05
5.826730868378978e-05
5.826730937467848e-05
5.8267308746002624e-05
5.826730926249429e-05
5.8267310848883055e-05
5.826731867048768e-05
5.82673122002066e-05
5.8267315850559936e-05
5.826731408818858e-05
5.826731326562456e-05
5.826731559943353e-05
5.826731389499995e-05
5.82673132722585e-05
5.826731838575193e-05
4.548782445705506e-05
4.548782571900372e-05
4.548782621422862e-05
4.548782602646532e-05
4.5487826179992956e-05
4.5487825676475386e-05
4.548782575639838e-05
4.548782545669324e-05
4.5487825542360655e-05
4.548782576615064e-05
4.5487825601892556e-05
4.5487825106379576e-05
4.5487824295621445e-05
4.548782482622191e-05
4.548782460590082e-05
4.548782484907512e-05
4.5487824908914024e-05
4.548782491391026e-05
4.5487824854593205e-05
4.548782475434543e-05
4.548782480242532e-05
4.5487829011233284e-05
4.5487823156197576e-05
4.5487827871887024e-05
4.548782667143659e-05
4.548782602897896e-05
4.548782725545798e-05
4.548782730419845e-05
4.5487828205024825e-05
4.5487827952327276e-05
4.5487827287378596e-05
4.250857174134142e-05
4.25085730239681e-05
4.250857274883897e-05
4.2508573534430865e-05
4.250857268487258e-05
4.250857315247109e-05
4.2508572579505965e-05
4.250857285031441e-05
4.2508572941035774e-05
4.250857253448425e-05
4.250857329975983e-05
4.2508571900950364e-05
4.2508572385262e-05
4.25085718379647e-05
4.2508572218909375e-05
4.250857211245897e-05
4.250857204636414e-05
4.2508572170095896e-05
4.2508572206766595e-05
4.2508572105781796e-05
4.25085721969236e-05
4.250857484909758e-05
4.250857963493585e-05
4.250857565012642e-05
4.250857718898498e-05
4.250857739766892e-05
4.250857670201269e-05
4.2508577232949875e-05
4.250857645977612e-05
4.250857662111567e-05
4.250857755810775e-05
3.091080740378829e-05
3.091080880621378e-05
3.091081082252316e-05
3.0910805369416394e-05
3.091081117954186e-05
3.091080649162473e-05
3.0910810044588644e-05
3.091080793413569e-05
3.091080742438201e-05
3.0910810537004804e-05
3.091080631002744e-05
3.091080872963186e-05
3.091080625375264e-05
3.091080870711801e-05
3.091080715558723e-05
3.0910807533362195e-05
3.09108085233169e-05
3.091080731084407e-05
3.091080742956524e-05
3.0910808424814065e-05
3.091080660452661e-05
3.091081439552101e-05
3.091080335129373e-05
3.09108127622165e-05
3.09108095846418e-05
3.091081178303207e-05
3.09108107447419e-05
3.09108090347344e-05
3.091081308425307e-05
3.0910811250559006e-05
3.09108058891552e-05
0.0002405835872842344
2.477278198818519e-05
2.477278326396609e-05
2.4772783275498497e-05
2.4772783581013185e-05
2.4772783107007916e-05
2.4772783343819653e-05
2.4772783345475755e-05
2.4772783095076536e-05
2.4772783244831266e-05
2.477278317065993e-05
2.477278322692687e-05
2.4772782919230236e-05
2.47727818073194e-05
2.477278276351972e-05
2.4772782429825424e-05
2.477278208745887e-05
2.4772782756723906e-05
2.4772782359604523e-05
2.4772781967079612e-05
2.4772782693637617e-05
2.4772781683274105e-05
2.4772781213992492e-05
2.477278744542338e-05
2.4772782602611418e-05
2.477278601724011e-05
2.4772785929053702e-05
2.477278455426706e-05
2.4772786188399314e-05
2.4772784722492325e-05
2.4772785258260197e-05
2.4772786308806735e-05
2.2793744778173128e-05
2.279374604119543e-05
2.2793746398391658e-05
2.279374569933216e-05
2.279374634004571e-05
2.279374575321359e-05
2.279374585627201e-05
2.279374595169028e-05
2.2793745802947032e-05
2.2793746344458014e-05
2.279374553491803e-05
2.279374493358086e-05
2.2793745388929172e-05
2.2793745166039018e-05
2.2793744927974025e-05
2.27937455177475e-05
2.279374498978626e-05
2.27937454380038e-05
2.2793745237880335e-05
2.279374495147386e-05
2.27937455577235e-05
2.2793751711459037e-05
2.279374744334715e-05
2.2793751099975317e-05
2.2793748942105084e-05
2.2793748818793915e-05
2.279374996126272e-05
2.279374877400206e-05
2.2793749669618396e-05
2.2793749574056535e-05
2.279374828792662e-05
1.7502269211725097e-07
1.7502269211725097e-07
1.7502269211725097e-07
1.7502269211725097e-07
1.7502269211725097e-07
1.7502269211725097e-07
1.7502269211725097e-07
1.7502269211725097e-07
1.7502269211725097e-07
1.7502269211725097e-07
1.7502269211725097e-07
1.7502269133953377e-07
1.750226913261917e-07
1.7502269133172903e-07
1.7502269134074204e-07
1.7502269132957788e-07
1.7502269134206092e-07
1.7502269133844285e-07
1.750226913343208e-07
1.7502269133770265e-07
1.7502269132808422e-07
1.7502269211725097e-07
1.7502269211725097e-07
1.7502269211725097e-07
1.7502269211725097e-07
1.7502269211725097e-07
1.7502269211725097e-07
1.7502269211725097e-07
1.7502269211725097e-07
1.7502269211725097e-07
1.7502269211725097e-07
1.616023138672104e-07
1.616023138672104e-07
1.616023138672104e-07
1.616023138672104e-07
1.616023138672104e-07
1.616023138672104e-07
1.616023138672104e-07
1.616023138672104e-07
1.616023138672104e-07
1.616023138672104e-07
1.616023138672104e-07
1.6160231314869565e-07
1.6160231313760626e-07
1.6160231314220343e-07
1.6160231314970205e-07
1.6160231314041667e-07
1.6160231315080095e-07
1.6160231314778733e-07
1.616023131443577e-07
1.6160231314717114e-07
1.6160231313917664e-07
1.616023138672104e-07
1.616023138672104e-07
1.616023138672104e-07
1.616023138672104e-07
1.616023138672104e-07
1.616023138672104e-07
1.616023138672104e-07
1.616023138672104e-07
1.616023138672104e-07
1.616023138672104e-07
1.3685501549362596e-07
1.3685501549362596e-07
1.3685501549362596e-07
1.3685501549362596e-07
1.3685501549362596e-07
1.3685501549362596e-07
1.3685501549362596e-07
1.3685501549362596e-07
1.3685501549362596e-07
1.3685501549362596e-07
1.3685501549362596e-07
1.3685501488450996e-07
1.3685501487691986e-07
1.368550148800605e-07
1.368550148852012e-07
1.368550148788388e-07
1.3685501488595646e-07
1.3685501488388644e-07
1.3685501488153508e-07
1.368550148834636e-07
1.3685501487799172e-07
1.3685501549362596e-07
1.3685501549362596e-07
1.3685501549362596e-07
1.3685501549362596e-07
1.3685501549362596e-07
1.3685501549362596e-07
1.3685501549362596e-07
1.3685501549362596e-07
1.3685501549362596e-07
1.3685501549362596e-07
0.00024916159973941066
1.3223020380103637e-07
1.3223020380103637e-07
1.3223020380103637e-07
1.3223020380103637e-07
1.3223020380103637e-07
1.3223020380103637e-07
1.3223020380103637e-07
1.3223020380103637e-07
1.3223020380103637e-07
1.3223020380103637e-07
1.3223020380103637e-07
1.322302032123894e-07
1.322302032053836e-07
1.3223020320828133e-07
1.3223020321302784e-07
1.3223020320715399e-07
1.322302032137255e-07
1.322302032118135e-07
1.322302032096424e-07
1.3223020321142306e-07
1.322302032063724e-07
1.3223020380103637e-07
1.3223020380103637e-07
1.3223020380103637e-07
1.3223020380103637e-07
1.3223020380103637e-07
1.3223020380103637e-07
1.3223020380103637e-07
1.3223020380103637e-07
1.3223020380103637e-07
1.3223020380103637e-07
1.238608624112011e-07
1.238608624112011e-07
1.238608624112011e-07
1.238608624112011e-07
1.238608624112011e-07
1.238608624112011e-07
1.238608624112011e-07
1.238608624112011e-07
1.238608624112011e-07
1.238608624112011e-07
1.238608624112011e-07
1.2386086185962094e-07
1.2386086185360153e-07
1.2386086185608966e-07
1.238608618601702e-07
1.2386086185512137e-07
1.238608618607705e-07
1.2386086185912564e-07
1.2386086185725912e-07
1.2386086185878987e-07
1.238608618544503e-07
1.238608624112011e-07
1.238608624112011e-07
1.238608624112011e-07
1.238608624112011e-07
1.238608624112011e-07
1.238608624112011e-07
1.238608624112011e-07
1.238608624112011e-07
1.238608624112011e-07
1.238608624112011e-07
0.0002206478474557331
8.653107460554512e-05
1.2369521211610476e-07
1.2369521211610476e-07
1.2369521211610476e-07
1.2369521211610476e-07
1.2369521211610476e-07
1.2369521211610476e-07
1.2369521211610476e-07
1.2369521211610476e-07
1.2369521211610476e-07
1.2369521211610476e-07
1.2369521211610476e-07
1.2369521156525849e-07
1.236952115592579e-07
1.2369521156173822e-07
1.2369521156580604e-07
1.2369521156077297e-07
1.236952115664045e-07
1.2369521156476472e-07
1.2369521156290402e-07
1.2369521156443e-07
1.23695211560104e-07
1.2369521211610476e-07
1.2369521211610476e-07
1.2369521211610476e-07
1.2369521211610476e-07
1.2369521211610476e-07
1.2369521211610476e-07
1.2369521211610476e-07
1.2369521211610476e-07
1.2369521211610476e-07
1.2369521211610476e-07
1.2336523738226306e-07
1.2336523738226306e-07
1.2336523738226306e-07
1.2336523738226306e-07
1.2336523738226306e-07
1.2336523738226306e-07
1.2336523738226306e-07
1.2336523738226306e-07
1.2336523738226306e-07
1.2336523738226306e-07
1.2336523738226306e-07
1.2336523683287876e-07
1.2336523682691555e-07
1.2336523682938033e-07
1.2336523683342293e-07
1.233652368284211e-07
1.233652368340177e-07
1.2336523683238807e-07
1.233652368305389e-07
1.233652368320554e-07
1.2336523682775633e-07
1.2336523738226306e-07
1.2336523738226306e-07
1.2336523738226306e-07
1.2336523738226306e-07
1.2336523738226306e-07
1.2336523738226306e-07
1.2336523738226306e-07
1.2336523738226306e-07
1.2336523738226306e-07
1.2336523738226306e-07
1.227105425869803e-07
1.227105425869803e-07
1.227105425869803e-07
1.227105425869803e-07
1.227105425869803e-07
1.227105425869803e-07
1.227105425869803e-07
1.227105425869803e-07
1.227105425869803e-07
1.227105425869803e-07
1.227105425869803e-07
1.2271054204049678e-07
1.2271054203460722e-07
1.2271054203704146e-07
1.2271054204103427e-07
1.227105420360941e-07
1.2271054204162174e-07
1.227105420400121e-07
1.227105420381857e-07
1.2271054203968352e-07
1.2271054203543758e-07
1.227105425869803e-07
1.227105425869803e-07
1.227105425869803e-07
1.227105425869803e-07
1.227105425869803e-07
1.227105425869803e-07
1.227105425869803e-07
1.227105425869803e-07
1.227105425869803e-07
1.227105425869803e-07
8.824347219127164e-05
1.2258002118750885e-07
1.2258002118750885e-07
1.2258002118750885e-07
1.2258002118750885e-07
1.2258002118750885e-07
1.2258002118750885e-07
1.2258002118750885e-07
1.2258002118750885e-07
1.2258002118750885e-07
1.2258002118750885e-07
1.2258002118750885e-07
1.2258002064160363e-07
1.2258002063572872e-07
1.225800206381569e-07
1.225800206421398e-07
1.225800206372119e-07
1.2258002064272584e-07
1.2258002064112013e-07
1.2258002063929827e-07
1.2258002064079239e-07
1.22580020636557e-07
1.2258002118750885e-07
1.2258002118750885e-07
1.2258002118750885e-07
1.2258002118750885e-07
1.2258002118750885e-07
1.2258002118750885e-07
1.2258002118750885e-07
1.2258002118750885e-07
1.2258002118750885e-07
1.2258002118750885e-07
8.634291168131095e-05
1.2258002118750885e-07
1.2258002118750885e-07
8.62755806912238e-05
1.2258002118750885e-07
8.613909929934278e-05
1.2258002118750885e-07
8.665261938170132e-05
1.2258002118750885e-07
8.60017209599173e-05
1.2258002118750885e-07
1.2258002118750885e-07
1.2258002118750885e-07
8.62334415225329e-05
1.2258002118750885e-07
8.618725528686579e-05
1.2258002118750885e-07
8.6399141566154e-05
1.2258002118750885e-07
1.2258002118750885e-07
1.2258002118750885e-07
1.2258002118750885e-07
1.2356892800352632e-07
8.922061601743121e-05
1.2357591780648512e-07
8.874100502774692e-05
1.2357303192862713e-07
8.88793238689814e-05
1.235682888245581e-07
8.918305700624967e-05
1.2357415555725392e-07
1.216366867715121e-07
1.235675899613829e-07
8.913159422670008e-05
1.235695042084469e-07
8.896038238814921e-05
1.2357167385914602e-07
8.88503985326927e-05
1.2356989469804793e-07
8.910813731481838e-05
1.2357493387538773e-07
1.2163592859722866e-07
7.990794581292694e-05
9.406262397799659e-05
7.836728787091832e-05
9.587121437408625e-05
7.969841784146809e-05
9.430309008769815e-05
7.896101423848874e-05
9.519131592780063e-05
7.90081441754808e-05
9.512692439803351e-05
7.928924316696748e-05
9.481829451640263e-05
7.889624047506723e-05
9.529280790197166e-05
7.917937987558078e-05
9.496026390273041e-05
7.913983982039721e-05
9.498969568812253e-05
7.867561865089682e-05
9.555475341699264e-05
