0.003460783405342858
0.003460783405342858
0.003460783405342858
0.0034607834058563254
0.003460783406136591
0.0034607834058440565
0.003460783407569093
0.003460783404345166
0.003460783412200383
0.0034607834035318666
0.0034607834064584774
0.003460783406521225
0.003460783405639163
0.00346078253849998
0.0034607826703560705
0.0034607827143866817
0.003460782464091272
0.0034607817933108936
0.0034607834049709364
0.0034607834053307198
0.0034607834050388985
0.0034607834052001437
0.0034607821491466654
0.003460783401538763
0.003460783401771775
0.0034607834019934093
0.003460783402349503
0.003460783401216653
0.0034607834023693967
0.003460774888149419
0.003460783403863528
0.0034607834050710586
0.0034607834023905964
0.003107286030496235
0.001701781961750861
0.0017017819635189555
0.0017017819641203533
0.001701781964896629
0.0017017819642791356
0.0017017819621345021
0.0017017819663630036
0.0017017819598977488
0.001701781961991897
0.001701781961999768
0.0017017819629681998
0.0017017819617245846
0.0017017819617464133
0.001701781961748965
0.0017017819617180302
0.0017017819615710956
0.0017017819615148594
0.001701781961898494
0.001701781961236156
0.0017017819615240896
0.0017017819616500654
0.0017017819566299372
0.001701781956794745
0.001701781956850717
0.0017017819566526237
0.001701781955962187
0.0017017819561037236
0.0017017819566456146
0.001701781957098263
0.0017017819565418126
0.0017017819564436247
0.0026920929043770868
0.0009936379987913377
0.0009936380014658043
0.0009936380026437821
0.0009936380033642388
0.0009936380020010068
0.0009936380001125673
0.000993638001791043
0.0009936379967244657
0.0009936379978083528
0.0009936379985617935
0.0009936380000922051
0.0009936379987704805
0.000993637998779421
0.000993637998918646
0.000993637998690253
0.0009936379986266656
0.0009936379989562466
0.0009936379994155736
0.0009936379984897194
0.0009936379986082919
0.0009936379986951829
0.000993637993921873
0.0009936379938843176
0.0009936379976357781
0.000993637993387462
0.0009936379938411538
0.000993637994728131
0.0009936379940975418
0.0009936379938657496
0.0009936379940620296
0.00099363799404461
0.0024730499399890473
0.0008636524990491617
0.0008636525019505639
0.0008636525032956022
0.0008636525039749847
0.0008636525024866023
0.0008636525006833042
0.000863652501294296
0.0008636524969342392
0.0008636524975535883
0.0008636524985822858
0.0008636525002693659
0.0008636524990691346
0.0008636524990400431
0.000863652499123879
0.0008636524990202454
0.0008636524990230805
0.0008636524993716717
0.0008636524999198631
0.0008636524989327197
0.0008636524989299836
0.0008636524990071873
0.0008636524956114071
0.0008636524997772364
0.0008636525020953513
0.0008636525020031764
0.0008636524969181952
0.0008636524970084918
0.0008636524952184689
0.0008636524946520484
0.0008636524951365927
0.0008636524953293538
0.000752846256150706
0.0007528462590431104
0.000752846261078685
0.000752846261418993
0.0007528462600215931
0.0007528462582698662
0.0007528462555999277
0.0007528462545363628
0.000752846253356961
0.0007528462548904099
0.000752846256751444
0.0007528462561471624
0.000752846256155608
0.0007528462561581097
0.0007528462562104066
0.0007528462563603043
0.0007528462565852714
0.000752846257620524
0.0007528462566660395
0.0007528462563193176
0.00075284625623909
0.0007528462611092914
0.0007528462632424638
0.0007528462622243613
0.0007528462613273845
0.0007528462625609809
0.0007528462617241935
0.0007528462571199876
0.0007528462538043917
0.0007528462563582653
0.0007528462584204782
0.0006357068614615952
0.0006357068638506769
0.0006357068647158282
0.0006357068648733678
0.0006357068642257759
0.0006357068632395985
0.0006357068625865215
0.0006357068607430913
0.0006357068614089871
0.0006357068615519395
0.0006357068627544684
0.0006357068614535494
0.000635706861467053
0.0006357068614139416
0.0006357068614621627
0.0006357068614912811
0.0006357068616377274
0.0006357068615350553
0.0006357068615880409
0.0006357068614478193
0.000635706861448863
0.0006357068575046686
0.0006357068642369652
0.000635706863885216
0.0006357068634609617
0.0006357068593887377
0.0006357068568544858
0.0006357068563875458
0.0006357068566706996
0.0006357068562647901
0.0006357068566114144
0.0006129670827766936
0.0006129670856615744
0.000612967087014612
0.0006129670871109097
0.0006129670864846086
0.0006129670834637677
0.000612967080480889
0.0006129670820180528
0.0006129670802960812
0.0006129670811007928
0.0006129670821826129
0.0006129670828244037
0.000612967082789182
0.0006129670828664401
0.0006129670827950391
0.0006129670829884653
0.0006129670833594301
0.0006129670841354907
0.0006129670837750278
0.0006129670832878673
0.0006129670829523566
0.0006129670951368982
0.0006129670903502092
0.0006129670933562342
0.0006129670923340748
0.0006129670939101717
0.0006129670954809366
0.0006129670915916703
0.000612967092202834
0.0006129670926804174
0.000612967093111073
0.00042601527746851113
0.0004260152780284203
0.00042601528025057494
0.0004260152805082867
0.00042601527869398864
0.0004260152785590797
0.00042601528063993617
0.0004260152757526129
0.00042601527889899745
0.00042601527780790805
0.00042601527969306
0.00042601527734300915
0.00042601527766203824
0.000426015277322442
0.0004260152774780969
0.00042601527746942777
0.0004260152775127154
0.0004260152777772804
0.00042601527764408905
0.0004260152774803091
0.00042601527748956786
0.0004260152732024973
0.0004260152816958405
0.0004260152795011343
0.0004260152792311299
0.00042601527580972333
0.00042601527258902716
0.00042601527534504805
0.00042601527259081826
0.0004260152727188642
0.00042601527395776215
0.0005597958396614083
0.0003878093844907366
0.00038780938605750245
0.0003878093873852574
0.00038780938744803874
0.0003878093865951832
0.0003878093856606278
0.00038780938546093544
0.00038780938450734136
0.0003878093844769659
0.00038780938504544114
0.0003878093853792635
0.000387809384524233
0.0003878093844349929
0.0003878093845321064
0.0003878093845251892
0.00038780938449854425
0.0003878093846699866
0.00038780938493924555
0.0003878093850287558
0.0003878093846349747
0.0003878093845179105
0.0003878093877809558
0.0003878093860942149
0.00038780938998503084
0.0003878093881059747
0.00038780938673129914
0.00038780938861563807
0.00038780938676584523
0.00038780938871693443
0.0003878093876522392
0.0003878093863705232
0.00033455177726636655
0.00033455177895996927
0.00033455177951507466
0.00033455177987340315
0.00033455177920045393
0.0003345517788939436
0.0003345517783034683
0.0003345517775038406
0.0003345517776922308
0.00033455177780381695
0.0003345517787501321
0.00033455177728168746
0.00033455177729916583
0.00033455177718040075
0.0003345517773088581
0.0003345517772703725
0.0003345517773233155
0.00033455177755063357
0.00033455177754984557
0.00033455177731892786
0.0003345517772744665
0.0003345517753468631
0.00033455178039922006
0.00033455178070618643
0.0003345517789129852
0.00033455177826013243
0.00033455177601431237
0.0003345517780715508
0.00033455178112809514
0.00033455177553844335
0.0003345517776598332
0.0003015204978141215
0.0003015205007522501
0.00030152050026475795
0.00030152049936082916
0.00030152050045693403
0.0003015204989374858
0.000301520496749729
0.00030152049886354086
0.0003015204965327753
0.0003015204989378254
0.00030152049645952074
0.00030152049812870343
0.00030152049770672317
0.00030152049811249103
0.00030152049796002727
0.0003015204979691162
0.0003015204978601012
0.00030152049784517817
0.0003015204979029772
0.00030152049789001735
0.00030152049789785814
0.00030152051191304315
0.0003015205015117504
0.0003015205071383215
0.00030152050695926797
0.0003015205049960821
0.000301520509896836
0.00030152050629447314
0.00030152050475196803
0.00030152050967290333
0.0003015205023185699
0.00020649507418850132
0.00020649507112188023
0.0002064950768898266
0.00020649507746917952
0.0002064950742704408
0.0002064950741119606
0.00020649507872287052
0.0002064950702881044
0.00020649507857654326
0.00020649506943844347
0.00020649508215122761
0.0002064950739566809
0.0002064950746255538
0.00020649507400934434
0.00020649507446200555
0.00020649507446817968
0.00020649507462896035
0.00020649507376105245
0.0002064950745305942
0.00020649507433306591
0.00020649507458603115
0.0002064950706143611
0.00020649508237675484
0.00020649507820722727
0.00020649507848420336
0.00020649507978538458
0.00020649507833963522
0.00020649507783173252
0.00020649507372940524
0.00020649507934361835
0.00020649508288980568
0.0002975241102339823
0.0001623107576936036
0.00016231075864928712
0.00016231075954361977
0.0001623107597913176
0.00016231075902654359
0.00016231075895047287
0.00016231075912095523
0.00016231075850782706
0.00016231075785426538
0.00016231075917969798
0.00016231075987469
0.00016231075784289552
0.00016231075761579503
0.0001623107577527036
0.00016231075780506337
0.00016231075798500705
0.00016231075796961365
0.00016231075737255091
0.00016231075781976864
0.00016231075808886182
0.00016231075786957548
0.0001623107608982379
0.00016231075593264865
0.00016231076191711106
0.00016231076012069787
0.00016231075815450766
0.00016231076139805163
0.0001623107526282958
0.00016231075544740072
0.0001623107593566972
0.00016231075788851433
0.00015428506876276842
0.00015428507077100572
0.00015428507016244616
0.00015428507077914436
0.00015428507028689554
0.00015428507003035707
0.00015428506967258518
0.0001542850688952578
0.0001542850698759702
0.00015428506908491486
0.0001542850700530815
0.00015428506894043766
0.00015428506902487096
0.00015428506893841465
0.00015428506909679056
0.00015428506893288765
0.00015428506913685771
0.00015428506897153423
0.00015428506917140397
0.00015428506900677712
0.0001542850691801244
0.0001542850713276277
0.00015428507758439512
0.0001542850734068588
0.00015428507454847426
0.00015428507580970358
0.00015428507280226985
0.00015428507563481657
0.0001542850749218982
0.00015428507419912486
0.0001542850770422854
0.0001185737934607277
0.00011857379485404018
0.00011857379580431447
0.00011857379450777022
0.00011857379524666167
0.00011857379484392965
0.00011857379411741169
0.00011857379525489813
0.00011857379347972002
0.00011857379553305225
0.00011857379427713508
0.00011857379389522779
0.00011857379333221651
0.00011857379363343527
0.00011857379344168767
0.0001185737938963225
0.00011857379337488068
0.00011857379401351907
0.00011857379342816837
0.00011857379393527869
0.0001185737933644066
0.00011857379895939062
0.00011857378982012135
0.00011857379771465811
0.00011857379654350275
0.00011857379201858408
0.00011857379767653004
0.00011857379136348932
0.00011857379531959357
0.00011857379715241605
0.0001185737898257328
0.00017380873151758393
0.00011748450092676829
0.00011748450227910819
0.00011748450173799328
0.00011748450356203905
0.00011748450171926816
0.00011748450189496325
0.00011748450245268265
0.00011748450050496911
0.00011748450295352894
0.00011748450051705326
0.00011748450287389143
0.00011748450110582292
0.00011748450135437837
0.0001174845010068054
0.00011748450135044175
0.00011748450109647145
0.00011748450145055167
0.00011748450118018558
0.00011748450149243815
0.00011748450120930247
0.00011748450140998778
0.0001174845025721116
0.0001174845112613876
0.00011748450536960012
0.0001174845065703058
0.00011748450944634713
0.00011748450418304593
0.00011748450929524315
0.0001174845073069618
0.00011748450555825172
0.00011748451080946641
9.326567140573313e-05
9.326567302466601e-05
9.326567388423263e-05
9.326567160110014e-05
9.32656736063328e-05
9.326567285669932e-05
9.32656714751459e-05
9.326567405813725e-05
9.326567049882631e-05
9.326567439087761e-05
9.326567139150746e-05
9.326567192590108e-05
9.326567118938826e-05
9.32656717823911e-05
9.326567126860988e-05
9.326567189702208e-05
9.326567132351579e-05
9.326567202375729e-05
9.326567151424832e-05
9.326567188070806e-05
9.326567129075353e-05
9.326567786803203e-05
9.326566781968175e-05
9.326567613463005e-05
9.326567538463885e-05
9.326566966336073e-05
9.326567657082718e-05
9.326566948371628e-05
9.32656745451784e-05
9.326567604234558e-05
9.326566698879489e-05
9.23759320449124e-05
9.237593294039957e-05
9.237593194534997e-05
9.237593559831141e-05
9.23759319210441e-05
9.237593283586713e-05
9.237593455163422e-05
9.237593003018375e-05
9.237593609855344e-05
9.237592983675543e-05
9.237593513702342e-05
9.237593219177601e-05
9.237593268433602e-05
9.237593193203376e-05
9.237593268453228e-05
9.237593207944386e-05
9.237593275303312e-05
9.23759323591391e-05
9.237593260837972e-05
9.237593255798928e-05
9.237593257971021e-05
9.237593251274661e-05
9.237594408882018e-05
9.23759360901183e-05
9.237593736670298e-05
9.237594254007914e-05
9.23759337885742e-05
9.237594219468217e-05
9.237593843104668e-05
9.237593697202558e-05
9.23759437704216e-05
7.57017970609285e-05
7.57017987403818e-05
7.570180013965915e-05
7.570179573495185e-05
7.570180003035617e-05
7.570179843624443e-05
7.570179549583352e-05
7.570180215664486e-05
7.570179329845317e-05
7.570180272602805e-05
7.570179513563728e-05
7.570179773334086e-05
7.570179675677214e-05
7.570179780313558e-05
7.570179671379155e-05
7.570179779766113e-05
7.570179688246302e-05
7.570179780375635e-05
7.570179711640282e-05
7.570179755313578e-05
7.570179693760636e-05
7.57018053220216e-05
7.570179572014891e-05
7.570180272728144e-05
7.570180171323432e-05
7.570179653665465e-05
7.570180442126336e-05
7.570179542446516e-05
7.570180129857782e-05
7.570180264305736e-05
7.57017920116228e-05
7.120179516762091e-05
7.12017950621376e-05
7.120179417375054e-05
7.120179983566089e-05
7.12017939982095e-05
7.120179536896744e-05
7.120179929227666e-05
7.120179084768875e-05
7.120180224643723e-05
7.120179064813507e-05
7.120179994433983e-05
7.120179515863997e-05
7.120179597117458e-05
7.12017947868415e-05
7.120179596555742e-05
7.120179506437267e-05
7.120179581883066e-05
7.120179542566046e-05
7.120179581718675e-05
7.120179570162973e-05
7.120179560503309e-05
7.120179516865488e-05
7.120180592077988e-05
7.120179833185119e-05
7.12017996912584e-05
7.120180497580613e-05
7.120179611205121e-05
7.120180458675373e-05
7.120179951562594e-05
7.120179939860478e-05
7.120180491498865e-05
5.569345088295129e-05
5.5693451989501426e-05
5.56934523208959e-05
5.569345220435255e-05
5.56934523714004e-05
5.569345192757583e-05
5.5693451959089915e-05
5.569345244091943e-05
5.5693452033375876e-05
5.5693452530343666e-05
5.5693452135457245e-05
5.569345132724955e-05
5.569345101146462e-05
5.569345103873594e-05
5.569345101937986e-05
5.569345129973238e-05
5.5693450935090345e-05
5.569345119923014e-05
5.569345142651303e-05
5.56934513292346e-05
5.5693450872997625e-05
5.5693455813975564e-05
5.569345236709022e-05
5.569345493286842e-05
5.569345453756929e-05
5.56934525854015e-05
5.569345547022085e-05
5.569344977535815e-05
5.569345320165383e-05
5.569345408120382e-05
5.569344812174462e-05
5.3850517848419996e-05
5.385051936011014e-05
5.385051882156094e-05
5.385051955453172e-05
5.385051865470764e-05
5.385051924996849e-05
5.385051919870161e-05
5.385051809663278e-05
5.385051960625354e-05
5.385051811957472e-05
5.3850519104777915e-05
5.385051786449174e-05
5.385051840670146e-05
5.3850518108888496e-05
5.3850518297173776e-05
5.38505178501143e-05
5.385051849645312e-05
5.385051839896436e-05
5.385051812901748e-05
5.3850518516002766e-05
5.385051847897351e-05
5.385051924819023e-05
5.3850525526858393e-05
5.38505229336247e-05
5.3850523470805915e-05
5.38505251380143e-05
5.385051968681159e-05
5.385052645548844e-05
5.385052365158375e-05
5.3850522875127494e-05
5.3850527229292926e-05
4.311422506078734e-05
4.31142259093636e-05
4.311422708649839e-05
4.3114225629680176e-05
4.311422720891827e-05
4.311422595957849e-05
4.3114225687126655e-05
4.3114227644282095e-05
4.311422450694427e-05
4.311422764098006e-05
4.311422585236677e-05
4.311422581355737e-05
4.31142246651744e-05
4.311422568264123e-05
4.311422491538411e-05
4.311422588631372e-05
4.3114224880189876e-05
4.311422536984929e-05
4.311422587503167e-05
4.311422514401192e-05
4.3114224923665516e-05
4.311423167213352e-05
4.3114223357480034e-05
4.3114228828853355e-05
4.311422906280042e-05
4.311422439352612e-05
4.3114231247210434e-05
4.311422155398403e-05
4.311422857945191e-05
4.311422877373065e-05
4.3114218704759836e-05
4.303663405666717e-05
4.303663582094361e-05
4.303663336707909e-05
4.303663705440539e-05
4.3036633288675196e-05
4.3036635691904334e-05
4.303663622735046e-05
4.303663170535999e-05
4.3036638566412265e-05
4.303663179426303e-05
4.303663627779307e-05
4.303663423654196e-05
4.3036634965345724e-05
4.3036633838122185e-05
4.303663505170587e-05
4.303663388916759e-05
4.303663474259476e-05
4.303663507849855e-05
4.303663389213667e-05
4.303663513263306e-05
4.303663443691444e-05
4.30366364891911e-05
4.3036645969465214e-05
4.303663974337848e-05
4.3036639560400705e-05
4.303664535126941e-05
4.303663480812344e-05
4.303664647068036e-05
4.303663992723372e-05
4.303663947997562e-05
4.3036646080178356e-05
3.563253624883402e-05
3.5632536336618496e-05
3.5632540431410086e-05
3.563253363291022e-05
3.563254036036859e-05
3.563253624575484e-05
3.563253433516168e-05
3.56325427230711e-05
3.563253081839526e-05
3.5632542746472704e-05
3.56325343833224e-05
3.5632537031589216e-05
3.563253589961536e-05
3.563253707179282e-05
3.563253578586193e-05
3.5632537089985e-05
3.563253676150256e-05
3.563253592154658e-05
3.5632537433413914e-05
3.5632536431383356e-05
3.563253600739324e-05
3.5632544719142324e-05
3.563253734044573e-05
3.563254230102229e-05
3.563254198896214e-05
3.563253690727221e-05
3.5632545451410195e-05
3.563253798879891e-05
3.563254112177947e-05
3.563254164070245e-05
3.563253337872599e-05
3.151890139592425e-05
3.151890249884221e-05
3.151889928848956e-05
3.151890720199958e-05
3.151889901706415e-05
3.15189024149117e-05
3.151890508183487e-05
3.15188973005302e-05
3.151890932886353e-05
3.151889726452366e-05
3.15189049893787e-05
3.151890151958955e-05
3.151890218103839e-05
3.1518901073998584e-05
3.1518902249813956e-05
3.151890170557134e-05
3.151890181237328e-05
3.151890169560663e-05
3.1518901557491306e-05
3.151890162810324e-05
3.151890186125219e-05
3.151890455364902e-05
3.1518909484022875e-05
3.151890475733259e-05
3.151890513413631e-05
3.151890960688152e-05
3.1518905099926246e-05
3.151890876154618e-05
3.151889545462827e-05
3.151889521447681e-05
3.1518909195382114e-05
2.456297889785822e-05
2.456297996468666e-05
2.4562980352603025e-05
2.4562980320238933e-05
2.4562980324133268e-05
2.456297996395094e-05
2.4562980018687892e-05
2.4562980426969285e-05
2.456298059861825e-05
2.456298038492673e-05
2.456297999245375e-05
2.456297913102844e-05
2.4562979390065128e-05
2.4562979290142907e-05
2.4562978984281573e-05
2.4562979363126153e-05
2.456297897395531e-05
2.456297909128347e-05
2.4562979751937742e-05
2.4562979210053767e-05
2.456297895843402e-05
2.4562983120265734e-05
2.4562981663740764e-05
2.4562982471700488e-05
2.4562982367377887e-05
2.4562979833212593e-05
2.4562982955030244e-05
2.4562974946095454e-05
2.4562980108831598e-05
2.4562980744070855e-05
2.4562975310967974e-05
1.6528592533096116e-07
1.6528592533096116e-07
1.6528592533096116e-07
1.6528592533096116e-07
1.6528592533096116e-07
1.6528592533096116e-07
1.6528592533096116e-07
1.6528592533096116e-07
1.6528592533096116e-07
1.6528592533096116e-07
1.6528592533096116e-07
1.6528592458762006e-07
1.6528592457775805e-07
1.652859245763858e-07
1.6528592458265692e-07
1.6528592458676125e-07
1.652859245937481e-07
1.6528592461507602e-07
1.6528592460088205e-07
1.6528592460927917e-07
1.652859245905877e-07
1.6528592533096116e-07
1.6528592533096116e-07
1.6528592533096116e-07
1.6528592533096116e-07
1.6528592533096116e-07
1.6528592533096116e-07
1.6528592533096116e-07
1.6528592533096116e-07
1.6528592533096116e-07
1.6528592533096116e-07
1.4561032053040275e-07
1.4561032053040275e-07
1.4561032053040275e-07
1.4561032053040275e-07
1.4561032053040275e-07
1.4561032053040275e-07
1.4561032053040275e-07
1.4561032053040275e-07
1.4561032053040275e-07
1.4561032053040275e-07
1.4561032053040275e-07
1.4561031987611973e-07
1.4561031986877621e-07
1.4561031986775702e-07
1.4561031987241983e-07
1.456103198754789e-07
1.4561031988069953e-07
1.456103198967398e-07
1.4561031988604737e-07
1.4561031989236455e-07
1.45610319878336e-07
1.4561032053040275e-07
1.4561032053040275e-07
1.4561032053040275e-07
1.4561032053040275e-07
1.4561032053040275e-07
1.4561032053040275e-07
1.4561032053040275e-07
1.4561032053040275e-07
1.4561032053040275e-07
1.4561032053040275e-07
0.00010563561219869686
1.4187264483584316e-07
1.4187264483584316e-07
1.4187264483584316e-07
1.4187264483584316e-07
1.4187264483584316e-07
1.4187264483584316e-07
1.4187264483584316e-07
1.4187264483584316e-07
1.4187264483584316e-07
1.4187264483584316e-07
1.4187264483584316e-07
1.4187264419846161e-07
1.4187264419155507e-07
1.4187264419059702e-07
1.4187264419498116e-07
1.4187264419785869e-07
1.4187264420277203e-07
1.4187264421788752e-07
1.418726442078083e-07
1.4187264421376165e-07
1.4187264420054722e-07
1.4187264483584316e-07
1.4187264483584316e-07
1.4187264483584316e-07
1.4187264483584316e-07
1.4187264483584316e-07
1.4187264483584316e-07
1.4187264483584316e-07
1.4187264483584316e-07
1.4187264483584316e-07
1.4187264483584316e-07
1.3494589697585114e-07
1.3494589697585114e-07
1.3494589697585114e-07
1.3494589697585114e-07
1.3494589697585114e-07
1.3494589697585114e-07
1.3494589697585114e-07
1.3494589697585114e-07
1.3494589697585114e-07
1.3494589697585114e-07
1.3494589697585114e-07
1.349458963697745e-07
1.3494589636363462e-07
1.349458963627837e-07
1.3494589636667915e-07
1.349458963692381e-07
1.3494589637361148e-07
1.3494589638709698e-07
1.349458963780994e-07
1.3494589638341133e-07
1.3494589637163056e-07
1.3494589697585114e-07
1.3494589697585114e-07
1.3494589697585114e-07
1.3494589697585114e-07
1.3494589697585114e-07
1.3494589697585114e-07
1.3494589697585114e-07
1.3494589697585114e-07
1.3494589697585114e-07
1.3494589697585114e-07
7.979554265809037e-05
1.336017026423534e-07
1.336017026423534e-07
1.336017026423534e-07
1.336017026423534e-07
1.336017026423534e-07
1.336017026423534e-07
1.336017026423534e-07
1.336017026423534e-07
1.336017026423534e-07
1.336017026423534e-07
1.336017026423534e-07
1.3360170204234957e-07
1.3360170203635308e-07
1.336017020355222e-07
1.3360170203932627e-07
1.3360170204182563e-07
1.3360170204609787e-07
1.3360170205927765e-07
1.3360170205048307e-07
1.3360170205567467e-07
1.3360170204416264e-07
1.336017026423534e-07
1.336017026423534e-07
1.336017026423534e-07
1.336017026423534e-07
1.336017026423534e-07
1.336017026423534e-07
1.336017026423534e-07
1.336017026423534e-07
1.336017026423534e-07
1.336017026423534e-07
1.3099215470784666e-07
1.3099215470784666e-07
1.3099215470784666e-07
1.3099215470784666e-07
1.3099215470784666e-07
1.3099215470784666e-07
1.3099215470784666e-07
1.3099215470784666e-07
1.3099215470784666e-07
1.3099215470784666e-07
1.3099215470784666e-07
1.3099215411962984e-07
1.3099215411390583e-07
1.3099215411311295e-07
1.309921541167435e-07
1.309921541191296e-07
1.3099215412320959e-07
1.3099215413580735e-07
1.3099215412739928e-07
1.3099215413236183e-07
1.3099215412136123e-07
1.3099215470784666e-07
1.3099215470784666e-07
1.3099215470784666e-07
1.3099215470784666e-07
1.3099215470784666e-07
1.3099215470784666e-07
1.3099215470784666e-07
1.3099215470784666e-07
1.3099215470784666e-07
1.3099215470784666e-07
1.2606783269187746e-07
1.2606783269187746e-07
1.2606783269187746e-07
1.2606783269187746e-07
1.2606783269187746e-07
1.2606783269187746e-07
1.2606783269187746e-07
1.2606783269187746e-07
1.2606783269187746e-07
1.2606783269187746e-07
1.2606783269187746e-07
1.2606783212589465e-07
1.260678321206638e-07
1.260678321199397e-07
1.2606783212325625e-07
1.2606783212543726e-07
1.2606783212916896e-07
1.2606783214070997e-07
1.2606783213300407e-07
1.2606783213755062e-07
1.26067832127478e-07
1.2606783269187746e-07
1.2606783269187746e-07
1.2606783269187746e-07
1.2606783269187746e-07
1.2606783269187746e-07
1.2606783269187746e-07
1.2606783269187746e-07
1.2606783269187746e-07
1.2606783269187746e-07
1.2606783269187746e-07
9.182822576874219e-05
7.544927402164954e-05
1.2597070123571276e-07
1.2597070123571276e-07
1.2597070123571276e-07
1.2597070123571276e-07
1.2597070123571276e-07
1.2597070123571276e-07
1.2597070123571276e-07
1.2597070123571276e-07
1.2597070123571276e-07
1.2597070123571276e-07
1.2597070123571276e-07
1.2597070067016843e-07
1.2597070066494708e-07
1.2597070066422432e-07
1.2597070066753481e-07
1.2597070066971185e-07
1.2597070067343683e-07
1.2597070068495744e-07
1.259707006772651e-07
1.2597070068180367e-07
1.259707006717489e-07
1.2597070123571276e-07
1.2597070123571276e-07
1.2597070123571276e-07
1.2597070123571276e-07
1.2597070123571276e-07
1.2597070123571276e-07
1.2597070123571276e-07
1.2597070123571276e-07
1.2597070123571276e-07
1.2597070123571276e-07
1.2577688676798837e-07
1.2577688676798837e-07
1.2577688676798837e-07
1.2577688676798837e-07
1.2577688676798837e-07
1.2577688676798837e-07
1.2577688676798837e-07
1.2577688676798837e-07
1.2577688676798837e-07
1.2577688676798837e-07
1.2577688676798837e-07
1.2577688620331894e-07
1.2577688619811657e-07
1.2577688619739643e-07
1.2577688620069486e-07
1.2577688620286403e-07
1.2577688620657562e-07
1.257768862180556e-07
1.2577688621039026e-07
1.257768862149128e-07
1.2577688620489376e-07
1.2577688676798837e-07
1.2577688676798837e-07
1.2577688676798837e-07
1.2577688676798837e-07
1.2577688676798837e-07
1.2577688676798837e-07
1.2577688676798837e-07
1.2577688676798837e-07
1.2577688676798837e-07
1.2577688676798837e-07
1.253910420765881e-07
1.253910420765881e-07
1.253910420765881e-07
1.253910420765881e-07
1.253910420765881e-07
1.253910420765881e-07
1.253910420765881e-07
1.253910420765881e-07
1.253910420765881e-07
1.253910420765881e-07
1.253910420765881e-07
1.2539104151366037e-07
1.2539104150849556e-07
1.253910415077807e-07
1.253910415110552e-07
1.2539104151320872e-07
1.2539104151689376e-07
1.2539104152829302e-07
1.2539104152068132e-07
1.253910415251721e-07
1.253910415152239e-07
1.253910420765881e-07
1.253910420765881e-07
1.253910420765881e-07
1.253910420765881e-07
1.253910420765881e-07
1.253910420765881e-07
1.253910420765881e-07
1.253910420765881e-07
1.253910420765881e-07
1.253910420765881e-07
7.640214865983058e-05
1.2531401530528815e-07
1.2531401530528815e-07
1.2531401530528815e-07
1.2531401530528815e-07
1.2531401530528815e-07
1.2531401530528815e-07
1.2531401530528815e-07
1.2531401530528815e-07
1.2531401530528815e-07
1.2531401530528815e-07
1.2531401530528815e-07
1.2531401474270814e-07
1.2531401473755082e-07
1.2531401473683698e-07
1.2531401474010671e-07
1.2531401474225712e-07
1.2531401474593687e-07
1.253140147573201e-07
1.2531401474971908e-07
1.2531401475420354e-07
1.2531401474426943e-07
1.2531401530528815e-07
1.2531401530528815e-07
1.2531401530528815e-07
1.2531401530528815e-07
1.2531401530528815e-07
1.2531401530528815e-07
1.2531401530528815e-07
1.2531401530528815e-07
1.2531401530528815e-07
1.2531401530528815e-07
7.53406432123948e-05
1.2531401530528815e-07
1.2531401530528815e-07
7.56853618614859e-05
1.2531401530528815e-07
7.540665929648912e-05
1.2531401530528815e-07
7.574428000481568e-05
1.2531401530528815e-07
7.543313356767251e-05
1.2531401530528815e-07
1.2531401530528815e-07
1.2531401530528815e-07
7.564965512624915e-05
1.2531401530528815e-07
7.529845332422581e-05
1.2531401530528815e-07
7.577885718539239e-05
1.2531401530528815e-07
7.54071612132776e-05
1.2531401530528815e-07
1.2531401530528815e-07
1.2632269616056555e-07
1.243565095911866e-07
1.2632877180124434e-07
1.2435058985382008e-07
1.263296112918217e-07
1.2434977186815751e-07
1.2632576313875657e-07
7.811613292860506e-05
1.2632322823006851e-07
1.2435599119352164e-07
1.26318882947562e-07
7.787233301569528e-05
1.2630537935726022e-07
7.849135575980674e-05
1.263144066278157e-07
7.772443091112968e-05
1.2630908578079612e-07
7.837833812115828e-05
1.2632085317934954e-07
1.2435830518801906e-07
6.982660190586415e-05
8.318808232562808e-05
6.870530237416915e-05
8.465197439170706e-05
6.91499185623606e-05
8.407091064174788e-05
6.927137082193656e-05
8.387035425848142e-05
6.857459950593454e-05
8.471495451679444e-05
6.993890553104901e-05
8.302797997728617e-05
6.849985986289793e-05
8.463373909519106e-05
6.935568967009775e-05
8.359317566466735e-05
6.958453752396485e-05
8.332397337208037e-05
6.839934470513143e-05
8.475720474094877e-05
