0.03095628677780955
0.03095628677780955
0.03095628677780955
0.03095628683623825
0.03095628689570171
0.030956286520202693
0.030956286550846514
0.030956286928196054
0.030956286805602234
0.030956286791364928
0.030956286816800613
0.030956286710200363
0.030956286817554936
0.0309562842534524
0.030956285734055233
0.03095629191103972
0.0309562905637336
0.030956283871358875
0.030956286794410717
0.030956286776960416
0.030956286773280564
0.030956286776941115
0.030956285437393156
0.03095628688824913
0.03095628683945349
0.03095628698648329
0.030956287011880912
0.03095628691476208
0.030956286789966155
0.03095628675021989
0.030956286760078378
0.030956286754899125
0.030956286774811975
1.4208259795531086
0.025873480159912778
0.025873480192990517
0.025873480274415477
0.025873479983018942
0.025873479938917678
0.025873480275957785
0.02587348019606748
0.025873480182879747
0.02587348015891759
0.02587348011371657
0.02587348020935418
0.025873480159671832
0.025873480159889942
0.025873480161244203
0.02587348016037152
0.025873480159706547
0.025873480170995375
0.02587348015976767
0.025873480156745392
0.02587348015818696
0.0258734801599039
0.02587348026908728
0.025873480231528856
0.025873480327170593
0.025873480346727193
0.025873480300079153
0.02587348016628781
0.025873480126187103
0.02587348013583733
0.02587348012801685
0.025873480139854767
0.01765778296236068
0.01765778298408634
0.017657783085584078
0.017657782974685607
0.01765778293268265
0.017657782933860625
0.01765778299700243
0.017657782990155153
0.017657782857576867
0.017657782938939402
0.0176577830306067
0.017657782962382965
0.0176577829622069
0.017657782962771096
0.017657782963594812
0.017657782962737432
0.017657782965416823
0.01765778296432827
0.017657782963878606
0.017657782959145052
0.017657782962161504
0.017657783037966352
0.01765778300926444
0.017657783071780866
0.017657783047340992
0.017657783008048843
0.01765778297855272
0.01765778292717936
0.0176577829333182
0.01765778292629684
0.017657782935862766
0.00564770911397978
0.005647709097637381
0.005647709178929281
0.005647709209162126
0.005647709148376711
0.005647709108308237
0.005647709074134673
0.005647709032352452
0.005647709001919888
0.005647709103050808
0.005647709108859407
0.0056477091146209
0.005647709114469664
0.005647709106801189
0.005647709114065444
0.0056477091140944595
0.005647709107807734
0.005647709117241224
0.005647709122461568
0.005647709113095722
0.005647709115519218
0.005647709180576547
0.0056477091968658915
0.005647709170626238
0.005647709079529878
0.0056477090730180915
0.005647709221929767
0.005647709171532782
0.005647709107952436
0.005647709119189036
0.005647709135906158
3.524839849705815
0.004416551770964847
0.004416551771580159
0.004416551800740633
0.004416551855292081
0.004416551787999856
0.004416551777678916
0.004416551766043052
0.00441655175497218
0.00441655172856519
0.004416551782203284
0.0044165517823150325
0.004416551771583963
0.004416551770532501
0.004416551768050633
0.004416551770557808
0.004416551771268474
0.0044165517701206455
0.0044165517697893324
0.004416551771775034
0.004416551769592904
0.004416551770680425
0.004416551755434907
0.004416551798620426
0.004416551789702657
0.0044165517380471316
0.004416551745237644
0.004416551758171404
0.004416551749857981
0.004416551748332566
0.004416551741103347
0.004416551752333827
0.003650418458960196
0.0036504184752726284
0.0036504184954117246
0.003650418571839473
0.0036504184747741075
0.0036504184607821445
0.0036504184581653337
0.0036504184099500243
0.0036504183936805264
0.0036504184342662726
0.003650418449446768
0.003650418459175099
0.003650418456856117
0.0036504184580242543
0.0036504184594152445
0.0036504184591067716
0.003650418458955163
0.0036504184599850963
0.0036504184617768354
0.0036504184617131216
0.003650418460448491
0.003650418500498376
0.003650418482020328
0.003650418484391952
0.0036504184455062286
0.0036504184796541553
0.003650418463344106
0.0036504184877842855
0.003650418451210452
0.0036504184421363977
0.00365041846624375
0.003607053871034642
0.003607053870945985
0.0036070538868276524
0.0036070539380176356
0.0036070539195731813
0.0036070538687033933
0.003607053860619448
0.003607053876823652
0.0036070538418326555
0.0036070538699761244
0.003607053891038427
0.00360705387167777
0.003607053867918736
0.0036070538712063283
0.0036070538691740086
0.003607053871046839
0.003607053871086122
0.003607053869584025
0.003607053871828204
0.003607053870430205
0.0036070538704730056
0.0036070538412475823
0.003607053886578078
0.0036070538563359247
0.0036070538315565374
0.003607053847127276
0.00360705387412008
0.0036070538413572255
0.0036070538514461977
0.0036070538437442123
0.003607053848548954
0.0030953747864845426
0.0030953747942478035
0.0030953748126167414
0.0030953748671342022
0.0030953748276989173
0.003095374791156934
0.0030953747819251233
0.003095374768503677
0.003095374758972686
0.003095374773803273
0.00309537478710102
0.0030953747866814462
0.003095374783682699
0.003095374786957174
0.0030953747853277582
0.0030953747866632
0.0030953747865516516
0.003095374786713536
0.003095374787665095
0.0030953747874487153
0.0030953747869649616
0.003095374788037052
0.003095374795842338
0.0030953747934021275
0.00309537475308018
0.003095374787096359
0.0030953747856814475
0.0030953747844689253
0.0030953747677894736
0.0030953747599859094
0.0030953747735634586
0.0028549633899747234
0.002854963395429729
0.0028549634060074367
0.002854963482825221
0.002854963435811233
0.002854963387629082
0.0028549633827384176
0.0028549633757793645
0.0028549633543374824
0.0028549633684142755
0.002854963390146114
0.0028549633900416503
0.0028549633894120355
0.0028549633896902474
0.002854963389254058
0.0028549633903947134
0.0028549633900528107
0.00285496339048409
0.0028549633925205415
0.0028549633919978915
0.002854963390316352
0.0028549633968255723
0.0028549634255198644
0.0028549634098987255
0.0028549633596405407
0.002854963396866663
0.0028549634204970364
0.002854963393289545
0.002854963380700808
0.0028549633645857182
0.002854963386366203
0.002569424954088322
0.0025694249597220608
0.00256942496682498
0.0025694250125478874
0.0025694250011766666
0.002569424957298572
0.0025694249600925253
0.0025694249387368476
0.0025694249584654405
0.0025694249665961216
0.002569424945111133
0.0025694249546071857
0.0025694249506857635
0.0025694249546729907
0.0025694249525612346
0.002569424953699469
0.0025694249541622135
0.002569424954389815
0.0025694249542379823
0.0025694249534126672
0.002569424954094697
0.0025694249423313634
0.0025694249408336643
0.00256942494973118
0.002569424919265235
0.0025694249359747012
0.0025694249318480426
0.0025694249455144027
0.002569424924041581
0.0025694249256278147
0.002569424921780113
0.0037410322720392466
0.002350638510134814
0.00235063851598079
0.0023506385208375297
0.002350638578144773
0.0023506385600690306
0.0023506385103171266
0.0023506385141433203
0.0023506384987045568
0.002350638506824995
0.002350638509004366
0.002350638504460602
0.002350638510641767
0.002350638507265298
0.0023506385105716635
0.0023506385087178707
0.0023506385099904326
0.0023506385102594002
0.00235063851051101
0.0023506385110502676
0.002350638510390521
0.0023506385102201465
0.0023506385028832944
0.0023506385131798592
0.002350638501626424
0.0023506384763107907
0.002350638493402125
0.002350638507057711
0.0023506385035637085
0.0023506384882993323
0.0023506384812479256
0.0023506384894042744
0.0022235148464830215
0.0022235148473234677
0.002223514852490787
0.0022235149368882903
0.0022235148943936653
0.0022235148421974075
0.0022235148399518388
0.002223514834349685
0.0022235148225448484
0.0022235148170731142
0.0022235148378110235
0.002223514846428092
0.002223514846284029
0.0022235148464545564
0.00222351484588053
0.002223514847087343
0.002223514846588482
0.002223514847613396
0.002223514849261964
0.0022235148489101976
0.002223514847102368
0.002223514873854618
0.0022235148938752223
0.0022235148727353976
0.0022235148158193064
0.0022235148641701038
0.0022235148958698325
0.0022235148704833774
0.0022235148465947797
0.0022235148214845824
0.002223514854694621
0.0021379941001971395
0.0021379941011167233
0.002137994110957631
0.0021379941559894317
0.002137994142752341
0.00213799410526382
0.0021379941006742635
0.00213799409794452
0.002137994102538656
0.002137994112000132
0.0021379941000286267
0.0021379941007337337
0.0021379940979331527
0.0021379941003586297
0.0021379940993465083
0.0021379940996762376
0.002137994100402438
0.0021379941001823
0.002137994100444706
0.002137994099995246
0.0021379941001323823
0.0021379940815445665
0.0021379940986475665
0.002137994086102547
0.0021379940672084847
0.002137994073813287
0.002137994094203196
0.002137994082470224
0.0021379940713369306
0.0021379940714373567
0.0021379940692995165
0.0019581990509697006
0.0019581990536483903
0.001958199061337138
0.0019581991164821706
0.0019581990962873313
0.0019581990547987713
0.0019581990516482515
0.00195819904420955
0.0019581990476409345
0.001958199048538835
0.001958199047321916
0.001958199051326273
0.0019581990490442655
0.0019581990512116286
0.001958199050044975
0.0019581990508906006
0.001958199051167858
0.001958199051339142
0.0019581990519707965
0.001958199051709103
0.0019581990511131023
0.001958199048363837
0.0019581990642714843
0.0019581990430832903
0.0019581990181670008
0.001958199028723846
0.0019581990623258848
0.001958199048526646
0.001958199032171164
0.0019581990215862414
0.0019581990345134493
0.0018406137291321093
0.001840613729593287
0.0018406137317054025
0.0018406138163673859
0.001840613768361926
0.0018406137268821292
0.0018406137248579767
0.0018406137156892597
0.0018406137157118457
0.001840613708277659
0.0018406137173818662
0.0018406137289046305
0.0018406137289026106
0.0018406137293057
0.001840613728717726
0.0018406137298210541
0.0018406137291770792
0.001840613729933663
0.001840613731278961
0.001840613730966014
0.001840613729572969
0.0018406137640238052
0.0018406137752739913
0.0018406137554081551
0.0018406136991192122
0.0018406137493859561
0.001840613777169969
0.001840613762542943
0.0018406137282566694
0.001840613703281935
0.0018406137332633446
0.0018233443920187991
0.0018233443898160162
0.0018233444006368886
0.0018233444393470442
0.0018233444353337293
0.0018233443955289344
0.0018233443904192
0.0018233443969047358
0.0018233443991657384
0.0018233444030985137
0.001823344397527085
0.0018233443925935592
0.0018233443900488957
0.0018233443920779098
0.0018233443915762304
0.0018233443912274681
0.001823344392324868
0.0018233443919036553
0.0018233443920122993
0.0018233443918864228
0.0018233443919406856
0.0018233443674477217
0.0018233443914268187
0.0018233443716992278
0.0018233443596025064
0.0018233443631026584
0.0018233443896424697
0.0018233443673039056
0.0018233443623475829
0.0018233443623679635
0.0018233443616467928
0.00163363918308959
0.0016336391839899239
0.0016336391922782642
0.0016336392401211839
0.0016336392274117592
0.0016336391870831034
0.001633639183278494
0.0016336391782090821
0.0016336391867222725
0.0016336391833923873
0.0016336391799698828
0.0016336391833861599
0.0016336391813869373
0.0016336391832493802
0.0016336391828164502
0.0016336391823479363
0.0016336391833210702
0.001633639183362441
0.0016336391836938714
0.001633639183650333
0.0016336391832112176
0.0016336391827203155
0.0016336391967912804
0.0016336391723652643
0.0016336391502522292
0.00163363915701009
0.0016336391965109088
0.0016336391827484207
0.001633639163854812
0.0016336391529683336
0.0016336391663110297
0.001590341084523772
0.00159034108295957
0.0015903410763931796
0.0015903411899856495
0.0015903410812031205
0.0015903410759247148
0.001590341078126827
0.0015903410669995018
0.0015903410798133618
0.0015903410630178495
0.0015903410662808848
0.0015903410839942745
0.0015903410844523404
0.0015903410846496747
0.0015903410848213835
0.0015903410841059049
0.0015903410844246382
0.0015903410849244628
0.0015903410863913035
0.0015903410859820536
0.0015903410846714041
0.001590341136260702
0.001590341147013209
0.001590341109358489
0.0015903410881717172
0.0015903410926364965
0.0015903411492007094
0.0015903411356070797
0.001590341092811311
0.0015903410603938213
0.0015903410951050036
0.0016274169672827491
0.0014745673539980299
0.0014745673538437772
0.0014745673578426396
0.0014745674210320772
0.0014745673832627594
0.0014745673556228274
0.0014745673526510654
0.001474567353754268
0.0014745673646274129
0.0014745673585589828
0.0014745673537343103
0.0014745673541443427
0.0014745673529942842
0.0014745673539925306
0.0014745673538918422
0.0014745673534053618
0.0014745673541863462
0.0014745673540633834
0.0014745673543780909
0.0014745673542666913
0.001474567354013595
0.001474567348095719
0.001474567375219987
0.0014745673353220427
0.0014745673222176178
0.0014745673269303465
0.0014745673739171442
0.0014745673468202288
0.0014745673298988127
0.0014745673238979263
0.0014745673312616255
0.001417521490665294
0.001417521492519527
0.0014175214931119056
0.0014175215627128361
0.0014175214906630485
0.0014175214892034839
0.0014175214912896432
0.0014175214753249835
0.0014175214970913684
0.0014175214784067037
0.0014175214771622023
0.001417521490576143
0.001417521489861013
0.0014175214907957688
0.0014175214907839447
0.001417521489971226
0.0014175214907474988
0.001417521490887343
0.0014175214916706661
0.0014175214916002383
0.0014175214907049768
0.0014175215272351081
0.0014175215280468312
0.0014175214995864882
0.0014175215023684961
0.0014175214867064678
0.0014175215275974494
0.001417521527428461
0.0014175214874379972
0.001417521461859737
0.0014175214912563055
0.0013985179749910516
0.0013985179729434102
0.0013985179785967138
0.0013985180463480756
0.0013985179917991265
0.0013985179756996566
0.0013985179722504583
0.0013985179804257243
0.0013985179869397575
0.0013985179814481772
0.001398517978823392
0.0013985179752384741
0.0013985179740735342
0.0013985179749707206
0.0013985179748731897
0.0013985179744573583
0.0013985179752395902
0.0013985179750052943
0.0013985179751572667
0.0013985179750716024
0.001398517974999709
0.001398517960816152
0.0013985179926196622
0.0013985179487287498
0.001398517948153796
0.0013985179449577101
0.001398517992451365
0.0013985179581892603
0.0013985179499951346
0.0013985179453505753
0.0013985179494824585
0.001325922457780242
0.0013259224580811674
0.0013259224627051353
0.001325922534611362
0.0013259224526390287
0.0013259224595033058
0.001325922457188713
0.0013259224536546449
0.001325922471680768
0.0013259224574030813
0.0013259224539882136
0.0013259224578435502
0.0013259224568416487
0.001325922457817938
0.0013259224577535683
0.0013259224571379722
0.0013259224578897279
0.001325922457851486
0.00132592245816751
0.001325922458146283
0.0013259224577975635
0.0013259224644509024
0.0013259224806479262
0.001325922444724225
0.0013259224541264736
0.0013259224367837695
0.0013259224792662976
0.0013259224639290506
0.0013259224396371303
0.0013259224276247238
0.0013259224418709714
0.0012994476033758302
0.001299447603454571
0.0012994476055807592
0.0012994476492200445
0.0012994476182827406
0.0012994476020466903
0.001299447602511598
0.0012994475986119036
0.00129944761885312
0.0012994475993717415
0.0012994475986246995
0.0012994476033610087
0.0012994476026628747
0.0012994476033966506
0.001299447603359048
0.0012994476028363748
0.0012994476034383466
0.0012994476034074336
0.0012994476038280316
0.001299447603891508
0.001299447603362906
0.001299447610240363
0.0012994476348573763
0.0012994475910284126
0.001299447618395806
0.001299447584051628
0.0012994476335068958
0.0012994476127004381
0.0012994475883032928
0.0012994475737544153
0.0012994475920730776
0.0012690063349968766
0.0012690063350208418
0.001269006337393912
0.0012690063773132835
0.0012690063509888162
0.0012690063336107675
0.0012690063342453472
0.0012690063297498546
0.0012690063546508127
0.0012690063345841005
0.0012690063283172489
0.0012690063349252868
0.0012690063342579237
0.00126900633503283
0.0012690063350083661
0.0012690063344307318
0.001269006335110613
0.0012690063350545636
0.0012690063353781975
0.0012690063352023724
0.0012690063350675495
0.001269006347099253
0.001269006362851588
0.001269006322758127
0.0012690063491317338
0.0012690063164414339
0.0012690063612874457
0.001269006343680169
0.0012690063163701912
0.001269006305886181
0.0012690063162455979
0.0012187790326866768
0.0012187790315531834
0.00121877903141073
0.0012187790591596899
0.0012187790612531923
0.001218779028387212
0.001218779030819506
0.0012187790274667692
0.001218779063818345
0.00121877901417686
0.0012187790309001797
0.001218779032192174
0.0012187790324366637
0.0012187790326896575
0.001218779032684746
0.0012187790324365109
0.0012187790326930394
0.0012187790327030145
0.0012187790330220557
0.0012187790330707223
0.0012187790327202511
0.0012187790364229535
0.0012187790712075287
0.0012187790135983385
0.0012187790505071372
0.0012187790110825786
0.0012187790687096666
0.0012187790380734148
0.0012187790195629096
0.0012187790050678959
0.0012187790249107225
0.0012108240460102092
0.0012108240482311956
0.0012108240375397201
0.001210824080052163
0.001210824057535586
0.0012108240351104038
0.0012108240445494942
0.0012108240301388564
0.0012108240824059465
0.0012108240319502824
0.001210824019177601
0.001210824046421991
0.0012108240444844123
0.001210824046063375
0.0012108240459965164
0.0012108240448852597
0.0012108240463141145
0.0012108240461835504
0.0012108240459912192
0.001210824045927254
0.0012108240464632127
0.0012108240896524763
0.0012108240390407451
0.0012108240493777357
0.0012108240614916708
0.0012108240373461538
0.0012108240534344336
0.0012108240767230636
0.0012108240135987715
0.0012108240671168374
0.0012108240041871254
0.0013527992853444716
0.0011480006807637326
0.0011480006791045431
0.0011480006725402272
0.0011480007092306516
0.0011480007006328234
0.0011480006710086696
0.0011480006781915083
0.0011480006795420246
0.0011480007312396796
0.001148000642103718
0.001148000680975201
0.001148000679908017
0.00114800068071343
0.0011480006807486243
0.001148000680761614
0.0011480006804412196
0.0011480006806979814
0.001148000680781734
0.0011480006807992181
0.0011480006808421727
0.001148000680671905
0.001148000668639018
0.001148000723167402
0.0011480006552621175
0.001148000699525469
0.001148000658229546
0.0011480007194116211
0.0011480006740178673
0.0011480006662762331
0.0011480006639375318
0.0011480006718911943
0.0011802494522547445
0.0011280617172773056
0.001128061715837516
0.001128061715048014
0.0011280617381181665
0.0011280617369418152
0.0011280617108580726
0.001128061714980316
0.0011280617090571785
0.0011280617571032094
0.0011280616854992267
0.0011280617069294831
0.0011280617147419484
0.0011280617173589403
0.0011280617172801442
0.0011280617172721922
0.0011280617168048087
0.0011280617173081865
0.0011280617174017065
0.0011280617172846337
0.0011280617173111934
0.0011280617174474787
0.0011280617341360316
0.00112806173001283
0.0011280617040236437
0.0011280617344196831
0.0011280616999218933
0.0011280617483768276
0.0011280617303516972
0.0011280616973460885
0.0011280617266012684
0.0011280616978039755
0.0011209645209549685
0.0011209645184816195
0.001120964516124576
0.0011209645430427947
0.0011209645400817288
0.001120964513512512
0.0011209645180112722
0.001120964515891169
0.001120964561916131
0.0011209644876198051
0.0011209645148368196
0.0011209645188707514
0.0011209645210796923
0.0011209645209783227
0.0011209645209570023
0.0011209645209994657
0.0011209645201522582
0.0011209645210115637
0.0011209645210660064
0.0011209645210070477
0.0011209645210275858
0.0011209645249557012
0.0011209645514708745
0.0011209645037395617
0.0011209645386678767
0.0011209645013197072
0.0011209645602917216
0.0011209645244181616
0.0011209645052195289
0.001120964525560686
0.0011209645061472885
0.001117981011992875
0.0011179810098147288
0.0011179810096875967
0.0011179810299621923
0.0011179810304202727
0.0011179810057451486
0.0011179810093092364
0.0011179810022025178
0.001117981039491994
0.0011179809927803837
0.0011179809999108865
0.0011179810093879749
0.0011179810120282155
0.0011179810119993383
0.0011179810119883629
0.0011179810121942238
0.0011179810105354476
0.0011179810121205364
0.0011179810120683915
0.001117981012051734
0.001117981012212852
0.0011179810338860239
0.001117981015242834
0.0011179809981387819
0.001117981029576509
0.0011179809945498615
0.001117981038901948
0.0011179810284676485
0.001117980991113056
0.001117981028253394
0.0011179809922643225
0.0011074716023082541
0.0011074715997069875
0.0011074715962804062
0.001107471622209204
0.00110747162078435
0.0011074715942731345
0.001107471599515396
0.0011074715978582085
0.0011074716358585352
0.001107471574791677
0.0011074715978161825
0.001107471599887585
0.0011074716025002308
0.0011074716023054816
0.0011074716023288611
0.0011074716025206784
0.0011074716009898187
0.0011074716023486224
0.0011074716023759595
0.0011074716023411325
0.0011074716023593391
0.00110747160119547
0.00110747162433054
0.0011074715839727613
0.0011074716197266871
0.001107471581941717
0.0011074716331112408
0.001107471601547022
0.001107471585272498
0.0011074716112837346
0.0011074715862863808
0.0011134317617291197
0.0011134317592595738
0.0011134317591017968
0.0011134317763783735
0.0011134317793453652
0.0011134317546894724
0.001113431758672743
0.0011134317496854442
0.0011134317815416823
0.0011134317510053948
0.001113431747115052
0.0011134317592676678
0.001113431761608775
0.0011134317618009962
0.0011134317617042542
0.00111343176190819
0.0011134317599847013
0.0011134317619262836
0.0011134317617600268
0.0011134317617768215
0.001113431762036502
0.0011134317908622743
0.0011134317592080057
0.0011134317516861964
0.0011134317801489927
0.0011134317444096058
0.0011134317750614775
0.0011134317834700157
0.001113431740908563
0.0011134317815902483
0.0011134317412309562
0.0011040654671366995
0.0011040654640786013
0.001104065460249559
0.0011040654867798198
0.001104065484143179
0.001104065458446565
0.0011040654641332893
0.001104065462701797
0.0011040654941436045
0.001104065445836504
0.0011040654627677213
0.0011040654646144615
0.001104065467325523
0.0011040654671146432
0.0011040654671064015
0.001104065467326379
0.001104065465506074
0.0011040654671115263
0.0011040654671868547
0.0011040654671354774
0.0011040654671826576
0.0011040654630496737
0.0011040654841800472
0.0011040654459801493
0.0011040654845654362
0.0011040654466774385
0.00110406548581558
0.0011040654632219597
0.0011040654499113467
0.0011040654793708067
0.0011040654488130674
0.0011006282954190622
0.0011006282927552237
0.0011006282911879505
0.0011006283107052946
0.0011006283126912529
0.0011006282878411042
0.0011006282923038692
0.0011006282866658158
0.0011006283190491623
0.0011006282801087242
0.0011006282857525238
0.0011006282928320977
0.001100628295438423
0.0011006282954506394
0.001100628295420819
0.0011006282955576903
0.0011006282936773177
0.0011006282955248524
0.0011006282955171231
0.0011006282954298405
0.0011006282956322337
0.001100628308569641
0.0011006282991665574
0.0011006282805105187
0.0011006283132726801
0.001100628277611428
0.0011006283060830731
0.0011006283046111156
0.0011006282761234054
0.0011006283117064937
0.0011006282763524502
0.0010988662263165614
0.001098866223377891
0.0010988662208401274
0.0010988662422407348
0.0010988662433641131
0.0010988662180347825
0.0010988662229647957
0.0010988662180682314
0.0010988662480990907
0.001098866212457487
0.0010988662172650696
0.001098866223701509
0.0010988662263578773
0.0010988662263050092
0.0010988662262928128
0.0010988662264592138
0.0010988662245937288
0.0010988662263983883
0.0010988662263443781
0.001098866226328846
0.0010988662264738455
0.0010988662362342244
0.0010988662340975855
0.0010988662101080434
0.001098866244368967
0.0010988662074840948
0.0010988662408200462
0.0010988662335352445
0.0010988662063982125
0.001098866242810251
0.0010988662071416816
0.001099566998323264
0.0010987711152511573
0.0010987711123346987
0.001098771109928391
0.0010987711309312844
0.0010987711321312332
0.0010987711070378548
0.0010987711119642592
0.001098771106800085
0.0010987711363104175
0.001098771102255537
0.0010987711057783523
0.0010987711126101253
0.0010987711152516699
0.0010987711152716606
0.001098771115224888
0.001098771115371404
0.001098771113540711
0.0010987711153359002
0.0010987711152852812
0.001098771115258823
0.001098771115485299
0.0010987711260489986
0.0010987711221787932
0.001098771099538454
0.0010987711333423863
0.0010987710966685505
0.0010987711285500993
0.0010987711230026399
0.0010987710954799106
0.0010987711318581846
0.0010987710945095659
0.0010980597348026898
0.0010980597318700006
0.001098059729477715
0.0010980597503316137
0.0010980597515348506
0.001098059726587697
0.0010980597315184825
0.0010980597261856105
0.001098059755490322
0.0010980597221085945
0.0010980597252378261
0.0010980597322020496
0.0010980597348389778
0.0010980597348043799
0.0010980597348393619
0.0010980597349545965
0.0010980597330762089
0.0010980597349066659
0.001098059734839377
0.001098059734807224
0.0010980597350513039
0.0010980597457610063
0.0010980597414357329
0.0010980597191056318
0.0010980597528783592
0.0010980597164321959
0.0010980597475488733
0.0010980597428734552
0.001098059715072571
0.0010980597516521097
0.0010980597142240046
0.0010972885756370474
0.0010972885727321938
0.0010972885703339872
0.0010972885909632073
0.0010972885923158661
0.0010972885673863112
0.001097288572346439
0.0010972885669298257
0.0010972885960832553
0.0010972885631878285
0.001097288565984524
0.001097288573040936
0.0010972885756528328
0.0010972885756545204
0.0010972885756367777
0.0010972885757686867
0.001097288573909475
0.0010972885757223978
0.0010972885756752352
0.0010972885756239236
0.0010972885758618444
0.0010972885865565551
0.0010972885818013134
0.0010972885601596826
0.0010972885937168184
0.0010972885570200946
0.0010972885873264406
0.0010972885837195441
0.0010972885559238368
0.001097288592636702
0.0010972885554181991
0.0010959495248338987
0.0010959495219104198
0.0010959495194557683
0.001095949539945001
0.0010959495412516508
0.001095949516513256
0.0010959495215055056
0.0010959495159179574
0.0010959495452846288
0.0010959495125529616
0.001095949515118876
0.00109594952224672
0.0010959495248718792
0.0010959495248322338
0.0010959495247971059
0.001095949524948781
0.0010959495230951737
0.0010959495249409283
0.0010959495248707076
0.0010959495248397647
0.001095949525022297
0.0010959495358187341
0.0010959495308236894
0.001095949509426684
0.001095949542951986
0.0010959495062342435
0.0010959495357853433
0.001095949533179799
0.0010959495050398339
0.0010959495420655397
0.0010959495060579253
0.0010951156628227145
0.0010951156597476656
0.0010951156573628838
0.0010951156775743092
0.0010951156788790149
0.001095115654336836
0.0010951156594780566
0.0010951156538462898
0.001095115682127697
0.0010951156525812293
0.0010951156527603807
0.0010951156602501321
0.0010951156628181689
0.0010951156628820728
0.0010951156628264326
0.0010951156629519418
0.0010951156610860746
0.0010951156629046281
0.0010951156628689613
0.001095115662820276
0.0010951156630448924
0.00109511567419673
0.001095115667740651
0.00109511564815277
0.0010951156810292463
0.0010951156450820865
0.001095115672883016
0.0010951156705859993
0.0010951156430208091
0.0010951156804465943
0.0010951156423243714
0.001092945993203448
0.0010929459900894944
0.0010929459873474457
0.0010929460076059589
0.0010929460089669951
0.0010929459846006039
0.001092945989643576
0.0010929459837687382
0.0010929460134627695
0.0010929459824880496
0.001092945983296931
0.0010929459906189759
0.0010929459932484216
0.0010929459932275355
0.0010929459931974647
0.0010929459932822383
0.001092945991491356
0.0010929459933015583
0.0010929459932186997
0.0010929459932016825
0.0010929459933541061
0.0010929460030645035
0.0010929459990081127
0.0010929459771955603
0.0010929460114397715
0.0010929459750421678
0.0010929460006488048
0.0010929460014927571
0.001092945972447164
0.0010929460106194906
0.0010929459749954937
0.0010906164152318651
0.0010906164119210285
0.001090616409310651
0.0010906164276903779
0.0010906164304084164
0.001090616405779178
0.0010906164115948931
0.0010906164056888612
0.0010906164337089568
0.0010906164080412802
0.0010906164045090096
0.0010906164126990806
0.0010906164151856315
0.0010906164152740744
0.0010906164152060113
0.0010906164153033403
0.0010906164135320818
0.0010906164153432604
0.0010906164152334808
0.0010906164152407172
0.0010906164153866513
0.001090616430392848
0.001090616416994998
0.0010906164016435075
0.0010906164337460209
0.0010906163974808878
0.0010906164243689668
0.001090616422974065
0.0010906163958145365
0.0010906164335931522
0.0010906163976134482
0.0010940704701534322
0.0010940704658465306
0.001094070464130079
0.0010940704824275852
0.0010940704828435591
0.0010940704621710056
0.001094070466515765
0.0010940704611067976
0.0010940704955261491
0.0010940704594749908
0.0010940704634437
0.0010940704676194977
0.0010940704702256997
0.001094070470067595
0.00109407047021467
0.0010940704701407381
0.0010940704686242947
0.001094070470132876
0.001094070470231816
0.001094070470050954
0.0010940704703606818
0.001094070469172313
0.0010940704765076202
0.0010940704499021894
0.0010940704882934499
0.0010940704522920826
0.0010940704691559198
0.0010940704713822786
0.0010940704507671117
0.0010940704865645993
0.0010940704441215303
0.001102882361423314
0.001083630644635532
0.0010836306418217016
0.001083630639296419
0.0010836306523783505
0.0010836306593577966
0.0010836306342693488
0.001083630640198449
0.0010836306338343868
0.0010836306682529262
0.0010836306346964234
0.0010836306322591458
0.001083630642207623
0.0010836306445850344
0.0010836306447269098
0.0010836306446166738
0.0010836306447495549
0.0010836306429216776
0.0010836306447652142
0.0010836306446399468
0.0010836306446598512
0.0010836306448130937
0.0010836306633496048
0.0010836306460486936
0.0010836306339448562
0.0010836306635943717
0.001083630626797651
0.0010836306577081609
0.0010836306570105102
0.0010836306245074346
0.0010836306628166372
0.0010836306287766678
0.0010880999415091115
0.0010838247106540761
0.0010838247073049214
0.0010838247044818625
0.001083824721440401
0.0010838247235911242
0.001083824700948035
0.001083824706671654
0.0010838247007724762
0.001083824731633606
0.00108382470360001
0.0010838246996260075
0.0010838247081540152
0.0010838247106455892
0.0010838247107259817
0.0010838247106665154
0.0010838247106941272
0.0010838247090042773
0.0010838247107297994
0.0010838247106971831
0.001083824710651997
0.0010838247108579235
0.0010838247230751932
0.0010838247139770476
0.0010838246964506749
0.0010838247293181358
0.0010838246929771311
0.0010838247182992182
0.0010838247190901912
0.0010838246908462705
0.0010838247287824408
0.0010838246901614724
0.0010828019975174866
0.0010828019941232381
0.0010828019911692304
0.0010828020085683204
0.0010828020102885702
0.0010828019879033444
0.0010828019936067732
0.0010828019877283548
0.0010828020181159852
0.0010828019908089665
0.0010828019867834158
0.001082801995058957
0.0010828019974966716
0.0010828019975647313
0.0010828019975400657
0.0010828019975822087
0.001082801995866422
0.001082801997615313
0.0010828019975443325
0.0010828019974882949
0.0010828019977213326
0.00108280200842634
0.0010828020006772897
0.0010828019827744616
0.0010828020161290706
0.0010828019795174032
0.0010828020046351355
0.0010828020053216642
0.0010828019770864183
0.0010828020156850755
0.0010828019775375192
0.0010809107043548679
0.0010809107009144819
0.0010809106979121762
0.0010809107151963024
0.0010809107169134809
0.0010809106946520868
0.0010809107004706305
0.001080910694465853
0.0010809107247521125
0.001080910697957336
0.0010809106937647395
0.0010809107018517833
0.001080910704313342
0.0010809107043988537
0.0010809107043196374
0.001080910704379496
0.0010809107027162554
0.0010809107043971132
0.001080910704327346
0.0010809107043435948
0.0010809107044751382
0.0010809107149988338
0.0010809107077246283
0.0010809106896134202
0.0010809107229305041
0.0010809106863907993
0.0010809107102976814
0.00108091071156266
0.0010809106839008201
0.001080910722677228
0.0010809106865125018
0.0010805751669818262
0.0010805751634389302
0.0010805751604285288
0.0010805751776753545
0.0010805751794578813
0.0010805751571889995
0.0010805751630410631
0.0010805751570151902
0.0010805751874085633
0.001080575161054303
0.001080575156407867
0.0010805751645124146
0.0010805751669777847
0.0010805751670377186
0.0010805751669606721
0.0010805751670584429
0.001080575165379152
0.00108057516707275
0.001080575166978672
0.0010805751670040636
0.0010805751670861028
0.0010805751789407852
0.0010805751708652673
0.0010805751522416228
0.001080575185703449
0.001080575149146662
0.001080575173725166
0.0010805751750734424
0.001080575147242638
0.0010805751856118341
0.0010805751504196605
0.001080369203571012
0.00108036919994313
0.0010803691971030475
0.0010803692141562642
0.0010803692159685094
0.0010803691938909847
0.0010803691996729196
0.0010803691937520874
0.0010803692236896634
0.0010803691988567094
0.0010803691929877738
0.0010803692010822484
0.0010803692035493227
0.0010803692036541177
0.0010803692035842812
0.001080369203626831
0.001080369202025814
0.0010803692036703782
0.0010803692035708137
0.001080369203590762
0.00108036920374822
0.0010803692155954983
0.0010803692067271387
0.0010803691886902547
0.001080369222149645
0.001080369186031715
0.0010803692082649446
0.001080369210824373
0.0010803691838536834
0.0010803692218325249
0.001080369183411877
0.0010803128264971864
0.0010802712354611185
0.0010803064433115778
0.001080369203571012
0.0010804849870551607
0.001080279292873636
0.0010805276876811837
0.0010802395095514481
0.001080236017895685
0.001080551672862467
0.001080199391955497
0.0010805871142013593
0.0010806047716959543
0.001080162461985572
0.0010804964045384433
0.0010802675520923497
0.0010805896087481394
0.001080179709984018
0.0010800907775931072
0.0010807065531721382
0.0010804636055377433
0.0010803246946717376
0.0010806088259630849
0.0010801589924257773
0.0010815762714851981
0.0010791857561365291
0.0010804287626403836
0.001080351972551599
0.001080327472749481
0.0010804465743585053
0.0010803750422198272
0.0010803995868813305
0.0010803251858917617
0.001080464824933286
0.001081539337788665
0.0010792223329759085
0.001080271325984749
0.001080508375650781
0.0010803481968381387
0.0010804256623929381
0.001080480651905079
0.0010802948897011332
0.0010801831468961207
0.0010805938361778886
0.0010798825348727426
0.0010811172815545977
0.0010802839164828068
0.0010806164531358899
0.0010812316107099212
0.0010796007581719588
0.0010794148469816718
0.001081391956268058
0.00108134473335871
0.0010794750206751164
0.001080231713018083
0.001080719888983686
0.0010800913306913216
0.0010808222036219704
0.0010814188422539192
0.0010794001479537004
0.001079456951829399
0.0010813627220827109
0.0010814895375387181
0.0010793322013661303
5.706907271926641
5.706907271926641
5.706907271926641
5.706907270034225
5.706906145137999
5.706907296856864
5.706908127994898
5.7069072506486735
5.70690727349075
5.706907269008044
5.706907271266461
5.706907266427909
5.706907279797804
5.7069072679446275
5.706907271543129
5.706907297198304
5.70690712081537
5.7069072678825945
5.706907271651895
5.706907274979898
5.706907270618878
5.706907271600221
5.706907275302273
5.70690721996168
5.706907336828481
5.706907277703596
5.706907183382783
5.7069072890026336
5.706907275516172
5.706907254343321
5.7069072928056475
5.706907256526669
5.7069073191046815
42.506258469547134
4.88525191611509
4.885251913360447
4.885251916296052
4.885251932748421
4.885251912607904
4.8852518221284305
4.885251904226689
4.885251918640905
4.8852519110655095
4.885251923030896
4.885251924720003
4.885251909941159
4.885251921534948
4.88525192412718
4.885251924306405
4.885251902711228
