0.005247456978107689
0.005247456978107689
0.005247456978107689
0.005247456946651347
0.005247456992493002
0.005247456930595945
0.00524745694410483
0.0052474569517335316
0.005247457023730833
0.005247456995756286
0.005247457006888056
0.005247457137370537
0.005247456900616043
0.005247456101962095
0.0052474462850865666
0.005247470888369276
0.005247456950940209
0.005247458061455934
0.005247456966597534
0.005247456990368873
0.00524745696089481
0.005247456982829043
0.005247461280059059
0.00524745715758118
0.005247456979430864
0.005247456952639271
0.005247457051965283
0.00524745696945304
0.005247456965259661
0.005247456939099408
0.005247440623172555
0.005247440598742962
0.005247456980656151
0.008397108192485597
0.003921565657312599
0.003921565596426855
0.003921565688434032
0.003921565583543485
0.003921565599124583
0.003921565609971037
0.003921565687301792
0.003921565657705425
0.003921565655046181
0.003921565791198095
0.003921565678281557
0.003921565657259259
0.003921565657318908
0.003921565658123044
0.003921565657460034
0.00392156565744492
0.003921565644766116
0.003921565662076324
0.003921565656399417
0.003921565661174856
0.003921565657375963
0.003921565708742702
0.003921565657419841
0.0039215657546998375
0.003921565652700028
0.003921565652669953
0.003921565679591872
0.003921565655779113
0.0039215656584541125
0.003921565658297752
0.0039215656601199606
0.003547882332299135
0.003547882259534974
0.0035478823459733945
0.003547882246370848
0.003547882376263402
0.0035478823328296233
0.0035478823275395337
0.0035478823385541947
0.0035478823627519774
0.00354788239061294
0.003547882454894773
0.00354788233204339
0.003547882333341021
0.0035478823312239467
0.0035478823324690393
0.003547882332954724
0.0035478823253936344
0.003547882329375851
0.003547882333788755
0.0035478823325081417
0.003547882332302098
0.0035478822528582387
0.0035478823306144954
0.003547882291720269
0.0035478823530572337
0.0035478823304086245
0.0035478822769381907
0.003547882332739137
0.0035478823319466724
0.003547882331384882
0.003547882345340642
0.0036617023181264984
0.0033429039747737707
0.003342903949073654
0.0033429040022502736
0.0033429039032034247
0.003342903968558029
0.0033429039384888296
0.0033429040130431376
0.00334290397369264
0.003342903977959804
0.0033429040650621656
0.0033429039700189887
0.0033429039756630273
0.0033429039753539343
0.0033429039741699864
0.003342903975048326
0.0033429039758467853
0.003342903972663638
0.0033429039727484486
0.003342903975018497
0.0033429039760084498
0.003342903974699909
0.0033429040169126885
0.0033429039747772593
0.00334290399334503
0.0033429039847057353
0.003342903973622661
0.003342903992784505
0.00334290396758125
0.0033429039754466665
0.003342903976152582
0.003342903973169704
0.0033961319563679078
0.0032714041512954418
0.003271404137814353
0.003271404159290174
0.0032714041214315535
0.0032714041381639043
0.003271404169918606
0.0032714041590812854
0.0032714041521192576
0.0032714041513189807
0.0032714042314310066
0.0032714041542304473
0.003271404151546937
0.003271404152082084
0.0032714041499959197
0.003271404151603677
0.003271404152315073
0.0032714041461479925
0.0032714041493358686
0.0032714041512010416
0.003271404151529104
0.0032714041512862894
0.003271404163443273
0.003271404150818326
0.003271404120979058
0.003271404160017058
0.0032714041500504325
0.003271404130326485
0.0032714041461946635
0.003271404151693547
0.003271404150550771
0.003271404153644606
0.0032221902931777787
0.003222190292092672
0.0032221903247802836
0.0032221902208213046
0.0032221902931130722
0.0032221902840857382
0.003222190319515571
0.0032221902921677923
0.0032221903059292704
0.003222190324322579
0.0032221902961379347
0.0032221902935337084
0.003222190293640523
0.00322219029284391
0.003222190293491997
0.003222190293897151
0.00322219029222797
0.0032221902914303093
0.0032221902926306565
0.0032221902939095965
0.00322219029316672
0.0032221903028063796
0.00322219029369022
0.0032221903169269905
0.003222190304669076
0.0032221902909091256
0.003222190296579817
0.003222190284536761
0.0032221902938529123
0.003222190294742195
0.0032221903048728533
0.003223980980249484
0.0032239809944816684
0.0032239809785347823
0.0032239809760948117
0.00322398096846221
0.003223981004820911
0.0032239809808681996
0.0032239809801851843
0.0032239809802491605
0.003223981058289701
0.003223980964706879
0.0032239809804131894
0.003223980980981788
0.0032239809786051227
0.0032239809806221377
0.003223980981043444
0.0032239809768211396
0.0032239809791714167
0.003223980980157602
0.0032239809798067904
0.003223980980296577
0.0032239809779044306
0.0032239809803275296
0.0032239809305920283
0.0032239809881397298
0.003223980978419653
0.00322398096618473
0.003223980975093182
0.003223980980914699
0.0032239809793559848
0.003223980965358102
0.0031728071202394674
0.003172807129183745
0.003172807140889418
0.0031728070813776908
0.003172807115401224
0.0031728071368033565
0.003172807127408663
0.0031728071198397767
0.0031728071216667055
0.003172807157884685
0.003172807120871959
0.0031728071204976532
0.0031728071208044877
0.0031728071193954993
0.0031728071206015554
0.003172807120950238
0.0031728071182374686
0.003172807118900395
0.0031728071190922262
0.003172807120457664
0.003172807120252838
0.0031728071213712496
0.0031728071207137894
0.003172807111248643
0.003172807130228621
0.0031728071181194558
0.0031728071118440468
0.003172807113492283
0.003172807120872489
0.003172807120204836
0.0031728071334663653
0.0031544891588061817
0.003154489172105337
0.003154489177791391
0.003154489126411128
0.0031544891562852876
0.0031544891741497032
0.0031544891671139576
0.003154489158029394
0.0031544891593219635
0.003154489208115944
0.0031544891522153227
0.003154489159038727
0.003154489159305835
0.003154489157924917
0.003154489159188026
0.0031544891594479617
0.003154489157391632
0.0031544891573850797
0.0031544891579598205
0.0031544891586124295
0.0031544891588612097
0.003154489154491712
0.0031544891595294434
0.003154489145350514
0.0031544891689626493
0.0031544891565472325
0.003154489152044221
0.003154489151531985
0.003154489159418911
0.0031544891585143942
0.0031544891531850444
0.0031556260111787883
0.003155626021666796
0.0031556260353443498
0.003155625978939132
0.0031556260109586844
0.003155626032140872
0.0031556260145265227
0.0031556260099394043
0.00315562601920699
0.003155626002822185
0.003155626014664499
0.0031556260114100655
0.003155626011552956
0.00315562601038976
0.003155626011592323
0.003155626011751739
0.0031556260098904916
0.0031556260101303826
0.0031556260096994486
0.0031556260118809232
0.0031556260111292927
0.0031556260050867157
0.003155626012068792
0.0031556260007027507
0.003155626021788296
0.0031556260089244744
0.0031556260037296064
0.003155626004459156
0.0031556260118251293
0.003155626011634905
0.003155626061935443
0.0031758976150643337
0.0031250072100323313
0.0031250072246112193
0.0031250072315633847
0.0031250071826047637
0.003125007210026217
0.003125007231096669
0.0031250072139761276
0.0031250072085682173
0.003125007209765803
0.003125007250005709
0.0031250072060711705
0.0031250072101642475
0.0031250072104034945
0.0031250072091347633
0.0031250072104624105
0.0031250072105794323
0.0031250072089912175
0.003125007208774612
0.0031250072094425783
0.003125007209594941
0.0031250072101222763
0.0031250071976550225
0.003125007210897873
0.0031250071951527763
0.0031250072203501543
0.003125007207759742
0.0031250072030160458
0.003125007202958696
0.003125007210621322
0.003125007209595731
0.0031250072025587536
0.0031211379124173604
0.0031211379278884097
0.00312113793517489
0.003121137885504017
0.0031211379133282468
0.003121137934565855
0.003121137916018101
0.0031211379105484
0.00312113791704103
0.003121137919016386
0.0031211379144950946
0.003121137912557066
0.0031211379127438444
0.0031211379115102782
0.003121137912866783
0.0031211379129291103
0.003121137911521692
0.0031211379112210057
0.00312113791117545
0.003121137912675453
0.003121137912461959
0.0031211378982597226
0.0031211379133731978
0.0031211378976700697
0.0031211379227660246
0.003121137910140916
0.003121137905624582
0.003121137905337897
0.0031211379129993003
0.0031211379125318083
0.0031211379442049264
0.0031248846074846785
0.0031248846252185354
0.0031248846301657387
0.00312488458311645
0.003124884608959773
0.0031248846309603054
0.00312488461043235
0.0031248846053108514
0.00312488460610064
0.0031248846626111887
0.0031248845961600285
0.0031248846075364145
0.0031248846077818236
0.0031248846065214976
0.0031248846079537443
0.0031248846079635554
0.003124884606721422
0.0031248846061344504
0.003124884607506719
0.0031248846067415226
0.0031248846075785093
0.0031248845877036254
0.0031248846084103526
0.003124884590809502
0.0031248846177738786
0.0031248846052143644
0.0031248846008400744
0.0031248846004179607
0.003124884608014033
0.0031248846068788394
0.003124884576415608
0.0031060008257167123
0.003106000842728115
0.0031060008489423065
0.003106000801286187
0.0031060008274336978
0.0031060008495666794
0.0031060008285179143
0.0031060008233972087
0.003106000826623127
0.0031060008527872126
0.003106000824168834
0.003106000825782896
0.0031060008260003196
0.0031060008247542122
0.0031060008261912554
0.003106000826186418
0.003106000824964112
0.0031060008244182193
0.0031060008251014163
0.0031060008253427423
0.0031060008258244425
0.003106000806472083
0.003106000826684184
0.003106000809274854
0.0031060008360236893
0.003106000823450374
0.0031060008190987288
0.003106000818704292
0.0031060008262500443
0.0031060008253861217
0.0031060008281564976
0.0030999492530581407
0.0030999492699438384
0.0030999492768313446
0.0030999492296148665
0.0030999492552589935
0.0030999492776904204
0.0030999492554808637
0.003099949250465624
0.003099949254781526
0.0030999492747865376
0.003099949252399845
0.0030999492531406866
0.0030999492533176952
0.0030999492520709044
0.0030999492535453907
0.00309994925350508
0.003099949252372896
0.003099949251786631
0.0030999492522261604
0.0030999492528252966
0.0030999492531700703
0.003099949233370394
0.003099949254053814
0.0030999492359386266
0.003099949263373567
0.0030999492507949892
0.0030999492465800926
0.0030999492461319424
0.0030999492535848418
0.0030999492528541455
0.0030999492623939055
0.003093359008887629
0.0030933590260420534
0.003093359033534449
0.0030933589878620596
0.0030933590120504825
0.0030933590350141573
0.0030933590103938186
0.0030933590058622065
0.0030933590090316153
0.003093359041312617
0.0030933590054958307
0.003093359008928427
0.003093359009106897
0.0030933590078415915
0.0030933590093992058
0.003093359009289932
0.0030933590083791736
0.0030933590075407982
0.0030933590084495323
0.003093359008343408
0.003093359009029667
0.003093358985965612
0.003093359009719923
0.003093358989959683
0.003093359019226546
0.003093359006633294
0.003093359002783119
0.0030933590021325107
0.003093359009369523
0.0030933590085054107
0.0030933590015119247
0.003137006849179849
0.0030903180114127534
0.003090318028136875
0.0030903180367225025
0.0030903179907786496
0.0030903180150423436
0.0030903180381837486
0.003090318012703117
0.0030903180080473595
0.003090318013324517
0.0030903180242896856
0.0030903180118867913
0.0030903180114503666
0.0030903180116094832
0.003090318010358484
0.003090318011936313
0.003090318011794489
0.003090318010925904
0.003090318010138448
0.0030903180105925332
0.0030903180113684764
0.0030903180115325847
0.0030903179879969308
0.0030903180122558616
0.003090317992472967
0.003090318021778011
0.0030903180091677424
0.0030903180054275784
0.003090318004803712
0.0030903180118978125
0.0030903180112514662
0.0030903180346062544
0.0030877782212151332
0.0030877782383398685
0.003087778246501591
0.0030877782017129404
0.003087778225185831
0.003087778248514806
0.0030877782223255185
0.0030877782176088114
0.0030877782213471925
0.0030877782543791595
0.0030877782173282073
0.0030877782212296034
0.0030877782213952374
0.003087778220130895
0.0030877782217492364
0.0030877782215796385
0.0030877782207871666
0.003087778219890636
0.003087778220822038
0.003087778220580666
0.0030877782213674966
0.003087778196277752
0.003087778222047812
0.00308777820143519
0.0030877782315648183
0.0030877782189780443
0.003087778215372628
0.003087778214671853
0.0030877782216794524
0.003087778220836475
0.0030877782080588226
0.0030852085275292697
0.003085208544466566
0.0030852085531277605
0.0030852085086696054
0.003085208531876567
0.0030852085553200632
0.00308520852845332
0.0030852085236568205
0.0030852085291677104
0.0030852085396359924
0.0030852085279242476
0.0030852085275398446
0.0030852085276922452
0.003085208526425317
0.0030852085280737213
0.003085208527876894
0.0030852085271439776
0.0030852085262370486
0.0030852085268221405
0.0030852085274366827
0.0030852085276645985
0.0030852085020328128
0.0030852085283791836
0.003085208507313593
0.0030852085378890136
0.003085208525298211
0.003085208521831607
0.0030852085210922296
0.003085208527989669
0.0030852085273311743
0.003085208550898726
0.003083163708688625
0.0030831637258520975
0.0030831637344760133
0.003083163690598075
0.003083163713382957
0.003083163736940539
0.0030831637094357657
0.0030831637045830645
0.003083163708830437
0.0030831637406352214
0.0030831637050488547
0.003083163708682753
0.003083163708835987
0.0030831637075611016
0.00308316370924317
0.0030831637090187967
0.003083163708355506
0.003083163707360735
0.0030831637083548096
0.003083163708008852
0.0030831637088495267
0.003083163682049274
0.0030831637095319804
0.0030831636878999764
0.00308316371905322
0.0030831637064620545
0.003083163703142788
0.0030831637023383245
0.003083163709131947
0.0030831637083115187
0.00308316369409164
0.003080731534893986
0.0030807315519091683
0.0030807315609225777
0.003080731517470397
0.003080731539928814
0.0030807315635727837
0.0030807315354774312
0.0030807315305321206
0.0030807315363642345
0.0030807315466303943
0.0030807315351891423
0.003080731534885204
0.0030807315350270268
0.0030807315337452942
0.0030807315354578015
0.0030807315352083683
0.0030807315345978375
0.0030807315335944826
0.0030807315342638378
0.003080731534761013
0.0030807315350433132
0.003080731507748033
0.0030807315357533763
0.0030807315136110753
0.0030807315452682322
0.003080731532673718
0.0030807315294881566
0.0030807315286525373
0.0030807315353336634
0.0030807315346783925
0.0030807315578144953
0.003079397874922966
0.003079397892065401
0.003079397901161695
0.0030793978581613347
0.003079397880281648
0.0030793979039964933
0.003079397875357985
0.0030793978703359923
0.003079397875021529
0.0030793979058338743
0.0030793978715313035
0.003079397874903222
0.003079397875042202
0.0030793978737526295
0.0030793978754956076
0.003079397875222292
0.003079397874671431
0.0030793978735895264
0.0030793978746475248
0.0030793978742051746
0.0030793978750922523
0.003079397846901509
0.0030793978757788425
0.0030793978531505695
0.0030793978853043795
0.0030793978727078827
0.003079397869659755
0.0030793978687726664
0.003079397875347301
0.003079397874545301
0.0030793978593221033
0.003077040790170187
0.0030770408071926396
0.003077040816615621
0.0030770407740487453
0.003077040795844835
0.003077040819613894
0.0030770407904707267
0.003077040785332226
0.0030770407915014742
0.003077040801594295
0.0030770407903893387
0.003077040790147054
0.0030770407902760716
0.003077040788979498
0.0030770407907517454
0.0030770407904537993
0.0030770407899526372
0.0030770407888636225
0.003077040789607171
0.0030770407900064427
0.0030770407903328387
0.0030770407616749506
0.003077040791036819
0.003077040767927482
0.003077040800560471
0.003077040787959148
0.0030770407850469047
0.003077040784130485
0.0030770407905912137
0.0030770407899426444
0.003077040812785673
0.0030765682563608805
0.0030765682734455223
0.0030765682829936767
0.003076568240866884
0.003076568262339289
0.0030765682861457824
0.003076568256540278
0.00307656825130381
0.003076568256392324
0.0030765682867176774
0.003076568253096848
0.0030765682563294087
0.0030765682564549016
0.003076568255149588
0.0030765682569505377
0.0030765682566311426
0.0030765682561782917
0.0030765682550215113
0.003076568256148174
0.0030765682556035032
0.0030765682565367563
0.003076568227176662
0.003076568257219588
0.003076568233645715
0.0030765682667598425
0.0030765682541571433
0.003076568251367048
0.0030765682504161306
0.003076568256767531
0.0030765682559796927
0.0030765682392664344
0.0030741297200815266
0.0030741297370720285
0.0030741297468946317
0.0030741297051755023
0.0030741297263520667
0.0030741297501836002
0.0030741297201552216
0.0030741297147800608
0.003074129721305655
0.003074129731176437
0.0030741297202446483
0.0030741297200463725
0.0030741297201639017
0.003074129718850528
0.003074129720679394
0.003074129720338211
0.0030741297199280322
0.0030741297187679303
0.003074129719581254
0.003074129719889904
0.0030741297202560537
0.003074129690465269
0.0030741297209491165
0.0030741296969380933
0.0030741297304888796
0.003074129717882279
0.0030741297152200478
0.003074129714245415
0.003074129720485811
0.0030741297198445903
0.003074129742452621
0.0030743008048385763
0.003074300821847214
0.003074300831824168
0.0030743007905046317
0.0030743008113878305
0.003074300835234953
0.0030743008048161324
0.003074300799326436
0.003074300804816731
0.003074300834649853
0.003074300801708967
0.0030743008047979
0.0030743008049098656
0.003074300803588969
0.0030743008054443014
0.003074300805081647
0.0030743008047194728
0.003074300803493286
0.0030743008046832635
0.003074300804048284
0.003074300805020449
0.003074300774684702
0.0030743008057059753
0.003074300781279962
0.0030743008152542242
0.003074300802643316
0.0030743008001081554
0.0030743007990978737
0.0030743008052295977
0.0030743008044551495
0.0030743007864719864
0.0030732412514552776
0.0030732412684044592
0.0030732412785954223
0.003073241237769871
0.003073241258313801
0.0030732412821548767
0.003073241251339609
0.003073241245675997
0.003073241252716038
0.0030732412604474067
0.0030732412516089017
0.0030732412514082796
0.003073241251514486
0.003073241250184209
0.00307324125206934
0.0030732412516844693
0.0030732412513614334
0.003073241250142506
0.0030732412509917742
0.0030732412513178155
0.0030732412516326375
0.003073241220832012
0.0030732412523280478
0.0030732412274126274
0.0030732412618811687
0.003073241249265685
0.0030732412468621045
0.0030732412458375795
0.0030732412518453284
0.003073241251223468
0.0030732412776124313
0.003068542473395784
0.00306854249033251
0.003068542500632635
0.0030685424598910866
0.0030685424803620874
0.0030685425042228905
0.003068542473248168
0.003068542467518259
0.0030685424738902053
0.0030685424925927266
0.0030685424726469165
0.0030685424733503308
0.0030685424734506485
0.0030685424721180517
0.0030685424740138686
0.0030685424736200994
0.003068542473314109
0.003068542472066822
0.0030685424730981696
0.0030685424728276118
0.003068542473602795
0.0030685424426100437
0.0030685424742729443
0.003068542449241379
0.0030685424838253596
0.0030685424712100645
0.0030685424688494337
0.0030685424678152575
0.003068542473780255
0.0030685424730824153
0.003068542475708154
0.003066364109494448
0.003066364109494448
0.0030657494558033543
0.0030670716233887957
0.0030656082775146485
0.0030672179525850986
0.0030667387749024498
0.003066108734506391
0.003066198044175136
0.003066572024349323
0.0030651415845325517
0.00306765453721402
0.0030664544922488534
0.003066432336245271
0.00306660392704959
0.003066137406828996
0.003066354649486623
0.0030663835002493235
0.0030656857475647933
0.003067106005146111
0.0030664022999596354
0.0030663282404515594
0.0030666633516597
0.0030662286452925297
0.0030654812082018647
0.003067283200938618
0.0030672958453404754
0.0030655041651629494
0.003065695774164879
0.003067051354467017
0.0030649797870848927
0.003067807985204325
0.003066444881907644
0.003066416313416944
0.0030672051392861893
0.003065713719820149
0.003066491639793512
0.0030662851788651768
0.0030676353624056185
0.003065259921290765
0.0030648407343474102
0.0030679802898779087
0.0030685406660666986
0.0030643691907825594
0.0030663281813828637
0.0030664231655869517
0.003068056522570109
0.003064974988272714
0.0030656881586240766
0.003067074053997665
0.003066738097962831
0.003066005518891123
0.0030669415859363807
0.003065840400786195
0.0030670309143779554
0.0030657529991613883
0.003064353077227309
0.0030687866504028535
0.003068049855088829
0.0030653144423022968
0.003067055023150133
0.003066846815955032
