1.2172029433372582
1.2172029433372582
1.2172029433372582
1.2172029390381292
1.2172029568197407
1.217202949428351
1.2172029371324282
1.217202942257284
1.217202950142163
1.2172029437531142
1.2172029374262845
1.2172029435629848
1.2172029291131512
1.2172029432992204
1.2172029328046494
1.217202942656857
1.217202964145255
1.2172029502283528
1.2172029400632598
1.217202940443074
1.2172029390506038
1.2172029334773433
1.2172029484519373
1.2172029605143788
1.2172029361664265
1.2172029355198006
1.217202940135092
1.2172029369884771
1.2172029438001442
1.2172029322006501
1.2172029579568684
1.2172029448325126
1.217202949503243
1.2172029455999323
1.2172029338801669
1.2172029361598613
1.2172029424019057
1.217202945885015
1.217202933284507
1.2172029433277176
1.2172029510193116
1.217202950838817
1.2172029592513358
1.2172029665707509
0.4664292588956661
0.466429279210935
0.4664292454450154
0.46642923474146475
0.46642925380668393
0.46642927373933285
0.466429272590107
0.46642925527189993
0.4664292323329706
0.46642925414163167
0.46642927688545366
0.4664292423249939
0.4664292732159887
0.466429278169437
0.4664292577244305
0.4664292455810104
0.46642924996393353
0.46642925862294937
0.4664292783305246
0.46642926171705945
0.4664292461081705
0.46642925280318615
0.4664292494188568
0.4664292730437516
0.4664292698850233
0.4664292600182046
0.46642924411405345
0.4664292572889397
0.4664292675651864
0.46642927956454305
0.46642924475945813
0.46642921088808614
0.46642927889539265
0.46642929061352145
0.46642926276261104
0.4664292457259854
0.4664292388255661
0.46642926678748897
0.4664292769763454
0.4664292677079564
0.466429243745731
0.4664293179917814
0.22358843858373717
0.2235884358559187
0.22358844228758806
0.223588438842681
0.22358843738509265
0.22358843772450243
0.22358843512037566
0.2235884375783474
0.2235884412621426
0.22358843838842235
0.22358844138626321
0.2235884419064592
0.2235884352260624
0.2235884426222788
0.2235884366837929
0.2235884402461828
0.22358843573706164
0.22358843750626184
0.22358844598046196
0.2235884395473755
0.22358843495726433
0.22358843508678064
0.22358843468723222
0.22358844231034303
0.22358843442575782
0.223588449395
0.22358843829888264
0.2235884558473614
0.22358843017377067
0.22358843549149532
0.22358844469226163
0.22358847977468632
0.2235884218067784
0.2235884108943258
0.22358843241051246
0.22358838703152392
0.22358841870075188
0.22358841228666587
0.2235884146311897
0.22358841833373644
0.223588417142262
0.22358844175303758
0.27349952631102825
0.14441882445448964
0.14441882486879867
0.1444188169093987
0.14441881999597495
0.14441882611299378
0.14441882845015777
0.14441882231927816
0.1444188271486535
0.14441882199288225
0.14441882436701348
0.144418830978516
0.14441882017522412
0.14441882147198748
0.14441882522392235
0.14441882310674573
0.14441882341960816
0.1444188271834345
0.14441882308944465
0.14441882825837626
0.14441882704858522
0.14441882380693538
0.14441882553836027
0.14441882611678947
0.14441884055079413
0.1444188164170525
0.14441882776463583
0.14441881384814112
0.14441883539275518
0.14441881085114933
0.14441883570676595
0.1444188102582465
0.14441883662957183
0.1444188372616677
0.14441883342747652
0.14441883742865536
0.14441882415363572
0.14441883081766266
0.14441881595891864
0.1444188336310943
0.14441882220130775
0.14441882413830048
0.14441883212275894
0.12476496697615139
0.12476496822600595
0.12476496975817382
0.12476496965427089
0.12476496583822932
0.12476496923064231
0.12476496571748424
0.12476496373412527
0.1247649632687084
0.12476496456956578
0.12476497130516764
0.12476497268580036
0.12476496561082719
0.12476496790901223
0.12476496786083521
0.12476496127212736
0.12476496734846611
0.12476497085030663
0.12476496036756021
0.12476496599061848
0.12476497121945779
0.12476495643635238
0.12476496538709622
0.12476496182478856
0.12476496647077695
0.12476496516945454
0.12476497154157347
0.1247649660682579
0.12476497178066134
0.1247649805431437
0.1247649605466555
0.12476497183708617
0.12476497699983188
0.12476495666840216
0.12476498452834495
0.12476496710198437
0.12476496157775131
0.12476495892115555
0.12476496554293005
0.12476496975035206
0.12476496867997747
0.12476494021619638
0.11550528403920594
0.09153048024095804
0.09153048221638556
0.09153047644304618
0.09153047759682417
0.09153048559478495
0.0915304829583847
0.09153047890278745
0.09153047591951713
0.0915304852076931
0.09153047973610101
0.09153047824751054
0.09153047577441294
0.09153047671967875
0.09153048133427757
0.0915304793903352
0.09153048325073479
0.09153048187760857
0.09153048274643186
0.09153047362248885
0.09153048554148943
0.0915304820724638
0.09153048445165163
0.09153047660642963
0.09153049413544684
0.09153047211400285
0.09153047639617888
0.09153047264479108
0.09153049045355134
0.09153048083106055
0.09153047996524422
0.0915304743859147
0.09153048481181261
0.09153049467173399
0.09153047943330672
0.09153048068766542
0.09153048329054467
0.09153047482695356
0.09153046078264865
0.09153046699825068
0.09153047929110689
0.0915304991395127
0.09153045365433743
0.03488087492842597
0.03488087568734228
0.03488087356806244
0.034880875494519493
0.03488087382949473
0.03488087502630347
0.034880874868714704
0.034880875615060696
0.03488087487871301
0.03488087546111404
0.034880874276546854
0.034880874891753365
0.03488087433097843
0.03488087564582065
0.03488087432501891
0.034880873924478
0.03488087559705613
0.034880875135453696
0.03488087496594423
0.03488087462323987
0.03488087444023942
0.03488087236066925
0.0348808752391368
0.03488087367692462
0.03488087599654935
0.03488087381628465
0.03488087514695294
0.034880875552755694
0.03488087696468406
0.034880871772996716
0.03488087523436649
0.0348808774257848
0.03488089621272768
0.03488086475106514
0.03488089156879884
0.034880884539073315
0.034880867236023044
0.03488085461471169
0.03488088098066258
0.03488088382641518
0.03488089503888467
0.034880887345284994
0.15153459325501098
0.023955499895180452
0.02395550079682966
0.023955498786594004
0.023955500313533405
0.02395549872907827
0.023955500016703494
0.0239554999641843
0.02395550104675018
0.023955500080297794
0.023955499655654064
0.02395549883893746
0.023955499839518484
0.023955499417469592
0.023955500602082652
0.0239554993255712
0.02395549881581137
0.023955500524834014
0.023955500294872645
0.02395549963777948
0.02395549956991769
0.023955499378194356
0.02395549827215296
0.023955498896239304
0.023955498876746886
0.02395550101106711
0.023955499146785724
0.023955499707548417
0.023955500316925112
0.023955500601579895
0.023955498730711268
0.02395549994164362
0.02395550227451637
0.023955522235331567
0.02395549014504751
0.023955515131250684
0.023955509960499336
0.023955493775758622
0.023955480179690358
0.023955501761467882
0.02395551007583778
0.02395552157521436
0.023955518504994475
0.0
0.0
0.0
0.0
0.0
0.0
0.0
0.0
0.0
0.0
0.0
0.0
0.0
0.0
0.0
0.0
0.0
0.0
0.0
0.0
0.0
0.0
0.0
0.0
0.0
0.0
0.0
0.0
0.0
0.0
0.0
0.0
0.0
0.0
0.0
0.0
0.0
0.0
0.0
0.0
0.0
0.0
0.0
0.0
0.0
0.0
0.0
0.0
0.0
0.0
0.0
0.0
0.0
0.0
0.0
0.0
0.0
0.0
0.0
0.0
0.0
0.0
0.0
0.0
0.0
0.0
0.0
0.0
0.0
0.0
0.0
0.0
0.0
0.0
0.0
0.0
0.0
0.0
0.0
0.0
0.0
0.0
0.0
0.0
0.0
0.0
0.0
0.0
0.0
0.0
0.0
0.0
0.0
0.0
0.0
0.0
0.0
0.0
0.0
0.0
0.0
0.0
0.0
0.0
0.0
0.0
0.0
0.0
0.0
0.0
0.0
0.0
0.0
0.0
0.0
0.0
0.0
0.0
0.0
0.0
0.0
0.0
0.0
0.0
0.0
